=========DOWN TRENDS==========
TREND
ROW: AAPL,201010110900,295.01,295.05,294.82,294.82,5235
ROW: AAPL,201010110905,294.81,294.9,294.8,294.85,7441
TREND
ROW: AAPL,201010110910,294.85,294.98,294.84,294.85,4268
ROW: AAPL,201010110915,294.83,294.83,294.75,294.83,4012
ROW: AAPL,201010110920,294.8,294.82,294.64,294.67,13081
TREND
ROW: AAPL,201010110940,296.35,296.59,295.9,296.07,406701
ROW: AAPL,201010110945,296.1,296.19,295.27,295.38,398542
ROW: AAPL,201010110950,295.45,295.89,295,295.83,369892
TREND
ROW: AAPL,201010111005,296.2,296.7,296.13,296.35,330723
ROW: AAPL,201010111010,296.35,296.36,295.9,296.07,282759
TREND
ROW: AAPL,201010111025,296.86,297.12,296.68,296.9,499939
ROW: AAPL,201010111030,296.9,297,296.24,296.41,289884
TREND
ROW: AAPL,201010111040,296.49,296.73,296.37,296.43,167136
ROW: AAPL,201010111045,296.41,296.41,295.69,295.77,358209
ROW: AAPL,201010111050,295.75,295.97,295.6,295.75,187720
TREND
ROW: AAPL,201010111100,296.02,296.3,295.87,296.12,121743
ROW: AAPL,201010111105,296.12,296.17,295.85,296.09,110676
TREND
ROW: AAPL,201010111135,296.3,296.62,296.25,296.5,163193
ROW: AAPL,201010111140,296.5,296.52,296.14,296.22,95047
ROW: AAPL,201010111145,296.26,296.4,296.07,296.16,75630
ROW: AAPL,201010111150,296.16,296.23,296.03,296.13,88797
ROW: AAPL,201010111155,296.12,296.2,295.92,296.07,137364
TREND
ROW: AAPL,201010111200,296.1,296.2,295.95,296.09,85083
ROW: AAPL,201010111205,296.11,296.15,295.9,296.04,87150
TREND
ROW: AAPL,201010111240,296.57,296.67,296.52,296.58,52218
ROW: AAPL,201010111245,296.61,296.61,296.36,296.4,67313
ROW: AAPL,201010111250,296.4,296.49,296.28,296.38,69026
TREND
ROW: AAPL,201010111315,296.72,296.75,296.6,296.65,46717
ROW: AAPL,201010111320,296.63,296.72,296.56,296.69,36108
TREND
ROW: AAPL,201010111325,296.68,296.73,296.56,296.59,32992
ROW: AAPL,201010111330,296.62,296.67,296.5,296.56,40902
TREND
ROW: AAPL,201010111400,296.85,296.89,296.7,296.71,80707
ROW: AAPL,201010111405,296.71,296.83,296.64,296.78,58202
ROW: AAPL,201010111410,296.73,296.73,296.59,296.65,81160
TREND
ROW: AAPL,201010111445,297.2,297.24,296.95,297.09,229682
ROW: AAPL,201010111450,297.07,297.16,296.83,297.01,183782
TREND
ROW: AAPL,201010111455,296.98,297.09,296.87,296.95,120333
ROW: AAPL,201010111500,296.95,297.08,296.84,296.92,85978
TREND
ROW: AAPL,201010111505,296.92,297.05,296.91,297,65594
ROW: AAPL,201010111510,296.98,297.01,296.25,296.41,344651
TREND
ROW: AAPL,201010111515,296.41,296.61,296.31,296.39,254061
ROW: AAPL,201010111520,296.35,296.49,296.01,296.05,233775
ROW: AAPL,201010111525,296.05,296.18,295.59,295.68,339002
ROW: AAPL,201010111530,295.67,295.83,295.09,295.11,433317
ROW: AAPL,201010111535,295.11,295.52,295.02,295.19,376163
ROW: AAPL,201010111540,295.19,295.32,294.6,295.3,435432
TREND
ROW: AAPL,201010111550,295.66,295.7,295.44,295.53,247342
ROW: AAPL,201010111555,295.52,295.53,295.11,295.36,375616
TREND
ROW: AAPL,201010111610,295.78,296.11,295.62,295.63,2460
ROW: AAPL,201010111615,295.61,295.65,295.55,295.65,3513
TREND
ROW: AAPL,201010111620,295.65,295.7,295.65,295.7,860
ROW: AAPL,201010111625,295.6,295.66,295.6,295.61,860
TREND
ROW: AAPL,201010111630,295.67,295.7,295.56,295.57,720
ROW: AAPL,201010111635,295.57,295.57,295.52,295.52,1108
TREND
ROW: AAPL,201010111640,295.52,296.11,295.5,295.54,22952
ROW: AAPL,201010111645,295.5,295.5,295.47,295.5,1713
ROW: AAPL,201010111650,295.45,295.45,295.44,295.44,420
TREND
ROW: AAPL,201010120900,296.02,296.04,295.8,295.82,6858
ROW: AAPL,201010120905,295.85,295.95,295.77,295.85,9993
TREND
ROW: AAPL,201010120920,296.06,296.2,295.73,295.75,13197
ROW: AAPL,201010120925,295.75,295.75,295.36,295.41,12200
TREND
ROW: AAPL,201010120940,296.19,296.21,295.6,295.66,397968
ROW: AAPL,201010120945,295.65,295.71,293.28,293.49,894665
ROW: AAPL,201010120950,293.48,293.88,292.49,293.4,892055
TREND
ROW: AAPL,201010121020,295.55,295.75,295.33,295.34,270771
ROW: AAPL,201010121025,295.38,295.68,295.28,295.35,176014
TREND
ROW: AAPL,201010121055,296.85,297.2,296.64,296.9,406478
ROW: AAPL,201010121100,296.89,297.1,296.58,296.87,264867
TREND
ROW: AAPL,201010121105,296.83,297.73,296.82,297.3,503664
ROW: AAPL,201010121110,297.31,297.46,296.76,296.98,266963
TREND
ROW: AAPL,201010121115,296.97,297.1,296.84,297,147506
ROW: AAPL,201010121120,296.94,297,296.7,296.87,112445
TREND
ROW: AAPL,201010121135,296.95,297.32,296.95,297.1,121061
ROW: AAPL,201010121140,297.05,297.05,296.7,296.78,125253
ROW: AAPL,201010121145,296.78,296.8,296.56,296.72,105143
TREND
ROW: AAPL,201010121205,297.1,297.18,296.86,296.94,55041
ROW: AAPL,201010121210,296.95,297,296.82,296.88,72321
TREND
ROW: AAPL,201010121220,297.2,297.37,297,297.04,191809
ROW: AAPL,201010121225,297.05,297.1,296.83,296.83,77810
ROW: AAPL,201010121230,296.88,297.08,296.73,297.08,108305
TREND
ROW: AAPL,201010121240,296.98,297.09,296.97,297.07,35653
ROW: AAPL,201010121245,297.04,297.08,296.78,296.85,77318
TREND
ROW: AAPL,201010121250,296.83,297.08,296.82,297.04,72558
ROW: AAPL,201010121255,297.03,297.06,296.78,296.93,70011
TREND
ROW: AAPL,201010121315,296.95,297.05,296.92,296.97,60384
ROW: AAPL,201010121320,296.98,297,296.81,296.89,66927
TREND
ROW: AAPL,201010121335,296.97,296.99,296.78,296.83,52072
ROW: AAPL,201010121340,296.86,296.91,296.61,296.75,110628
TREND
ROW: AAPL,201010121415,297.46,298.1,297.34,297.68,631807
ROW: AAPL,201010121420,297.68,297.74,296.9,297.1,363328
TREND
ROW: AAPL,201010121425,297.12,297.4,297.04,297.25,150845
ROW: AAPL,201010121430,297.3,297.39,296.57,296.62,246073
TREND
ROW: AAPL,201010121455,297.47,297.66,297.33,297.62,148098
ROW: AAPL,201010121500,297.59,297.61,297,297.05,213456
TREND
ROW: AAPL,201010121530,298.91,298.98,298.58,298.7,308409
ROW: AAPL,201010121535,298.7,298.88,298.55,298.8,251701
TREND
ROW: AAPL,201010121550,299.49,299.5,298.7,298.8,477949
ROW: AAPL,201010121555,298.8,298.89,298.44,298.74,538292
TREND
ROW: AAPL,201010121600,298.74,298.74,298.49,298.59,210428
ROW: AAPL,201010121605,298.54,298.59,298.4,298.51,5206
TREND
ROW: AAPL,201010121625,298.79,299.07,298.7,299.02,182362
ROW: AAPL,201010121630,298.95,298.95,298.54,298.88,5838
TREND
ROW: AAPL,201010121650,299.03,299.03,298.93,298.97,2575
ROW: AAPL,201010121655,298.91,298.93,298.86,298.86,690
TREND
ROW: AAPL,201010130900,300.95,300.95,300.8,300.8,8050
ROW: AAPL,201010130905,300.8,300.85,300.54,300.6,21584
TREND
ROW: AAPL,201010130910,300.64,300.8,300.6,300.75,17901
ROW: AAPL,201010130915,300.77,300.77,300.4,300.61,10740
TREND
ROW: AAPL,201010130920,300.6,300.9,300.55,300.8,14473
ROW: AAPL,201010130925,300.79,300.79,300,300.1,56557
TREND
ROW: AAPL,201010130950,301.7,301.72,301.25,301.35,516093
ROW: AAPL,201010130955,301.35,301.56,301.2,301.24,339009
TREND
ROW: AAPL,201010131015,301.43,301.78,300.65,300.83,576991
ROW: AAPL,201010131020,300.83,301.17,300.51,301.05,372836
TREND
ROW: AAPL,201010131025,301.05,301.33,300.97,301.1,223848
ROW: AAPL,201010131030,301.08,301.2,300.75,301.09,175336
TREND
ROW: AAPL,201010131035,301.05,301.29,301,301.13,206142
ROW: AAPL,201010131040,301.16,301.24,300.93,300.99,156655
ROW: AAPL,201010131045,301,301.08,300.68,300.73,182393
TREND
ROW: AAPL,201010131105,301.39,301.69,301.16,301.2,328466
ROW: AAPL,201010131110,301.24,301.44,300.86,301.26,291140
TREND
ROW: AAPL,201010131120,301.41,301.96,301.41,301.94,409057
ROW: AAPL,201010131125,301.93,301.93,301.23,301.3,306879
TREND
ROW: AAPL,201010131135,301.46,301.5,301.22,301.33,154572
ROW: AAPL,201010131140,301.34,301.34,301.15,301.23,84879
ROW: AAPL,201010131145,301.23,301.3,301.11,301.3,105299
TREND
ROW: AAPL,201010131200,301.38,301.45,301.32,301.4,97363
ROW: AAPL,201010131205,301.4,301.41,301.28,301.32,150177
ROW: AAPL,201010131210,301.3,301.35,301.25,301.29,63048
TREND
ROW: AAPL,201010131235,301.39,301.48,301.31,301.37,75182
ROW: AAPL,201010131240,301.32,301.39,300.9,301.07,225346
ROW: AAPL,201010131245,301.05,301.21,300.87,300.97,135672
ROW: AAPL,201010131250,300.94,301.15,300.8,301.09,112871
TREND
ROW: AAPL,201010131255,301.06,301.1,300.84,300.89,95103
ROW: AAPL,201010131300,300.91,300.97,300.73,300.76,177551
ROW: AAPL,201010131305,300.78,300.83,300.07,300.23,293860
ROW: AAPL,201010131310,300.25,300.39,300.04,300.12,327920
ROW: AAPL,201010131315,300.13,300.33,300,300.25,308176
TREND
ROW: AAPL,201010131340,301.06,301.1,300.79,300.82,119087
ROW: AAPL,201010131345,300.82,300.82,300.5,300.54,140153
TREND
ROW: AAPL,201010131415,301.15,301.2,300.98,301.04,158907
ROW: AAPL,201010131420,301.05,301.15,300.65,300.67,165079
ROW: AAPL,201010131425,300.68,300.78,300.48,300.74,195165
TREND
ROW: AAPL,201010131435,300.87,301,300.42,300.47,254188
ROW: AAPL,201010131440,300.47,300.56,300.15,300.38,226117
ROW: AAPL,201010131445,300.4,300.52,299.83,299.9,369829
ROW: AAPL,201010131450,299.86,300.35,299.8,300.16,356206
TREND
ROW: AAPL,201010131500,300.63,300.8,300.28,300.4,239405
ROW: AAPL,201010131505,300.4,300.74,300.12,300.48,183962
TREND
ROW: AAPL,201010131520,300.86,301.1,300.8,300.99,215287
ROW: AAPL,201010131525,300.99,301,300.52,300.62,207773
TREND
ROW: AAPL,201010131535,300.73,300.87,300.46,300.51,168288
ROW: AAPL,201010131540,300.5,300.83,300.45,300.74,208549
ROW: AAPL,201010131545,300.72,300.75,300.4,300.48,230193
ROW: AAPL,201010131550,300.49,300.59,300.12,300.14,329540
ROW: AAPL,201010131555,300.15,300.53,299.93,300.08,601851
TREND
ROW: AAPL,201010131605,300.34,300.4,300.25,300.32,4916
ROW: AAPL,201010131610,300.35,300.35,300.2,300.23,2560
TREND
ROW: AAPL,201010131620,300.23,300.85,300.21,300.26,4550
ROW: AAPL,201010131625,300.25,300.25,300.15,300.15,3194
ROW: AAPL,201010131630,300.15,300.15,300.08,300.1,600
TREND
ROW: AAPL,201010131640,300.15,300.19,300.15,300.16,1525
ROW: AAPL,201010131645,300.13,300.15,300.12,300.15,400
TREND
ROW: AAPL,201010140900,302.27,302.31,301.77,302.01,27515
ROW: AAPL,201010140905,302.05,302.05,301.35,301.35,37786
ROW: AAPL,201010140910,301.35,301.5,301.2,301.4,17288
TREND
ROW: AAPL,201010140915,301.44,301.62,301.37,301.55,4700
ROW: AAPL,201010140920,301.54,301.54,301.01,301.01,11562
TREND
ROW: AAPL,201010140940,301.68,302.12,301.41,301.92,638299
ROW: AAPL,201010140945,301.92,301.97,301.17,301.19,377616
ROW: AAPL,201010140950,301.2,301.2,300.4,301.03,462809
TREND
ROW: AAPL,201010141020,301.94,302.21,301.75,302.06,281971
ROW: AAPL,201010141025,302.05,302.05,301.7,301.86,154517
TREND
ROW: AAPL,201010141050,302.26,302.47,302.18,302.32,195187
ROW: AAPL,201010141055,302.34,302.35,302.07,302.16,95944
ROW: AAPL,201010141100,302.17,302.3,302.02,302.1,143091
ROW: AAPL,201010141105,302.08,302.1,301.83,302.03,159316
ROW: AAPL,201010141110,302.05,302.07,301.82,301.98,113300
ROW: AAPL,201010141115,301.98,302,301.62,301.64,136978
ROW: AAPL,201010141120,301.7,301.74,301.5,301.56,181821
TREND
ROW: AAPL,201010141140,301.58,301.74,301.37,301.44,197846
ROW: AAPL,201010141145,301.43,301.72,301.35,301.47,354028
TREND
ROW: AAPL,201010141210,301.76,302,301.7,301.81,81843
ROW: AAPL,201010141215,301.8,301.81,301.53,301.7,73348
ROW: AAPL,201010141220,301.69,301.72,301.45,301.58,71397
ROW: AAPL,201010141225,301.58,301.64,301.2,301.37,201825
ROW: AAPL,201010141230,301.37,301.46,300.88,301.38,210269
TREND
ROW: AAPL,201010141235,301.38,301.61,301.35,301.44,174806
ROW: AAPL,201010141240,301.44,301.44,301.25,301.27,80413
ROW: AAPL,201010141245,301.27,301.37,301.16,301.26,96568
TREND
ROW: AAPL,201010141255,301.38,301.55,301.34,301.36,81328
ROW: AAPL,201010141300,301.39,301.4,300.97,301.2,197100
ROW: AAPL,201010141305,301.2,301.25,300.52,300.74,313979
TREND
ROW: AAPL,201010141315,301.01,301.1,300.72,300.87,101727
ROW: AAPL,201010141320,300.88,300.99,300.71,300.94,118871
TREND
ROW: AAPL,201010141335,301.42,301.68,301.31,301.62,145951
ROW: AAPL,201010141340,301.63,301.63,301.3,301.32,98350
ROW: AAPL,201010141345,301.32,301.48,301.12,301.43,106212
TREND
ROW: AAPL,201010141355,301.52,301.6,301.34,301.58,83259
ROW: AAPL,201010141400,301.54,301.58,301.17,301.37,81652
TREND
ROW: AAPL,201010141410,301.35,301.46,301.24,301.41,64113
ROW: AAPL,201010141415,301.42,301.42,301.03,301.22,92138
TREND
ROW: AAPL,201010141420,301.3,301.36,301.05,301.12,58538
ROW: AAPL,201010141425,301.11,301.25,301.02,301.05,93015
ROW: AAPL,201010141430,301.05,301.14,300.8,300.81,114015
TREND
ROW: AAPL,201010141455,301.2,301.25,300.82,300.94,131941
ROW: AAPL,201010141500,300.95,300.96,300.65,300.84,192060
TREND
ROW: AAPL,201010141635,305.1,305.29,305.06,305.15,24684
ROW: AAPL,201010141640,305.2,305.2,304.9,304.99,14481
ROW: AAPL,201010141645,304.99,305.15,300.14,305.09,41775
TREND
ROW: AAPL,201010150910,306.81,307.25,306.81,306.94,33874
ROW: AAPL,201010150915,306.94,307.02,306.52,306.7,26106
TREND
ROW: AAPL,201010150930,307.44,307.45,305.51,305.62,2681065
ROW: AAPL,201010150935,305.61,305.99,304.91,305.19,884360
TREND
ROW: AAPL,201010150955,306.42,307.08,306.18,306.92,627353
ROW: AAPL,201010151000,306.98,307.05,305.4,305.74,723500
ROW: AAPL,201010151005,305.74,306.35,305.25,305.95,538456
TREND
ROW: AAPL,201010151010,305.91,306.87,305.9,306.53,449272
ROW: AAPL,201010151015,306.56,306.66,305.66,305.9,496938
TREND
ROW: AAPL,201010151115,308.81,309.55,308.81,309,758645
ROW: AAPL,201010151120,309,309.05,308.34,308.81,518364
TREND
ROW: AAPL,201010151135,310.11,310.47,309.62,309.64,554104
ROW: AAPL,201010151140,309.64,310.09,309.59,309.87,402901
TREND
ROW: AAPL,201010151145,309.86,310.16,309.65,309.84,304625
ROW: AAPL,201010151150,309.85,309.93,309.55,309.72,274728
TREND
ROW: AAPL,201010151155,309.7,309.97,309.39,309.46,321979
ROW: AAPL,201010151200,309.46,309.6,309.12,309.33,374954
ROW: AAPL,201010151205,309.33,309.46,309.1,309.17,280130
TREND
ROW: AAPL,201010151220,309.95,310.1,309.72,309.88,233888
ROW: AAPL,201010151225,309.87,309.94,309.53,309.74,151969
TREND
ROW: AAPL,201010151230,309.72,310,309.64,309.78,170087
ROW: AAPL,201010151235,309.79,309.9,309.5,309.85,212210
TREND
ROW: AAPL,201010151245,309.89,309.98,309.78,309.85,141693
ROW: AAPL,201010151250,309.86,309.94,309.51,309.59,238669
ROW: AAPL,201010151255,309.59,309.67,309.37,309.42,201972
TREND
ROW: AAPL,201010151305,309.6,309.88,309.54,309.8,114387
ROW: AAPL,201010151310,309.8,309.87,309.53,309.66,96284
TREND
ROW: AAPL,201010151335,309.93,310.26,309.93,310.13,230886
ROW: AAPL,201010151340,310.12,310.2,309.66,309.84,205828
ROW: AAPL,201010151345,309.86,310.07,309.6,310.07,184282
TREND
ROW: AAPL,201010151350,310.01,310.23,309.98,310.02,253440
ROW: AAPL,201010151355,310.04,310.22,309.79,310.2,182874
ROW: AAPL,201010151400,310.16,310.19,309.75,309.99,153896
TREND
ROW: AAPL,201010151435,310.43,310.87,310.4,310.8,409759
ROW: AAPL,201010151440,310.8,310.82,310.34,310.5,279895
TREND
ROW: AAPL,201010151455,310.77,310.87,310.74,310.79,289999
ROW: AAPL,201010151500,310.78,310.82,310.6,310.68,245140
ROW: AAPL,201010151505,310.65,310.74,310.15,310.37,370831
TREND
ROW: AAPL,201010151610,315.13,315.19,314.9,314.91,27703
ROW: AAPL,201010151615,314.91,315.01,314.84,314.92,16691
TREND
ROW: AAPL,201010180900,318.75,318.85,318.52,318.59,23242
ROW: AAPL,201010180905,318.59,318.65,318.4,318.46,30980
TREND
ROW: AAPL,201010180915,318.63,318.77,318.29,318.35,25433
ROW: AAPL,201010180920,318.38,318.54,318.15,318.24,29393
TREND
ROW: AAPL,201010180930,318.47,319,316.5,316.6,1933886
ROW: AAPL,201010180935,316.57,316.71,314.29,315.98,1960196
TREND
ROW: AAPL,201010180950,318.25,318.3,317.12,317.15,788289
ROW: AAPL,201010180955,317.12,317.85,316.71,317.33,598378
ROW: AAPL,201010181000,317.35,317.5,316.1,316.12,627473
TREND
ROW: AAPL,201010181020,317.04,317.44,316.98,317.03,383206
ROW: AAPL,201010181025,317.03,317.32,316.8,316.93,330684
ROW: AAPL,201010181030,316.92,317.02,316.44,316.68,410521
ROW: AAPL,201010181035,316.68,317,316.33,316.97,421558
TREND
ROW: AAPL,201010181040,316.91,317,316.59,316.73,264021
ROW: AAPL,201010181045,316.73,316.89,316.52,316.56,189424
ROW: AAPL,201010181050,316.56,316.84,316.32,316.59,330105
ROW: AAPL,201010181055,316.62,316.8,316.31,316.75,206358
TREND
ROW: AAPL,201010181100,316.78,316.95,316.6,316.81,276902
ROW: AAPL,201010181105,316.84,316.86,316.45,316.48,227740
ROW: AAPL,201010181110,316.46,316.55,316.16,316.31,410298
ROW: AAPL,201010181115,316.31,316.38,316.07,316.17,282174
TREND
ROW: AAPL,201010181120,316.16,316.95,316.14,316.78,279899
ROW: AAPL,201010181125,316.79,316.81,316,316.77,199807
TREND
ROW: AAPL,201010181130,316.79,316.79,316.4,316.48,202438
ROW: AAPL,201010181135,316.47,316.52,316.25,316.38,219808
ROW: AAPL,201010181140,316.38,316.5,316,316.2,194086
TREND
ROW: AAPL,201010181150,316.27,316.4,316,316.02,320787
ROW: AAPL,201010181155,316.02,316.29,315.94,316.29,333222
TREND
ROW: AAPL,201010181205,316.53,316.75,316.41,316.58,174226
ROW: AAPL,201010181210,316.58,316.62,316.4,316.5,162057
TREND
ROW: AAPL,201010181215,316.5,316.77,316.47,316.61,200128
ROW: AAPL,201010181220,316.6,316.7,316.42,316.6,132747
TREND
ROW: AAPL,201010181240,316.59,316.63,316.44,316.48,227684
ROW: AAPL,201010181245,316.48,316.49,316.1,316.14,255972
ROW: AAPL,201010181250,316.13,316.21,315.85,315.89,414603
ROW: AAPL,201010181255,315.87,315.9,315,315.14,638935
TREND
ROW: AAPL,201010181300,315.13,315.64,315.13,315.37,339031
ROW: AAPL,201010181305,315.37,315.63,315.08,315.41,339142
TREND
ROW: AAPL,201010181315,315.6,315.9,315.56,315.76,239554
ROW: AAPL,201010181320,315.76,315.86,315.39,315.45,212246
TREND
ROW: AAPL,201010181335,315.71,315.73,315.53,315.62,186654
ROW: AAPL,201010181340,315.62,315.65,315.49,315.51,172275
ROW: AAPL,201010181345,315.51,315.59,315.4,315.5,194725
ROW: AAPL,201010181350,315.5,315.51,315.1,315.15,310754
ROW: AAPL,201010181355,315.12,315.14,314.44,314.58,667781
TREND
ROW: AAPL,201010181425,316.12,316.24,315.75,315.88,310341
ROW: AAPL,201010181430,315.85,316.17,315.57,315.95,367364
TREND
ROW: AAPL,201010181435,315.95,316.12,315.57,315.62,304262
ROW: AAPL,201010181440,315.63,315.92,315.44,315.78,240321
TREND
ROW: AAPL,201010181450,316.19,316.3,315.73,315.84,277565
ROW: AAPL,201010181455,315.83,315.98,315.43,315.55,341879
TREND
ROW: AAPL,201010181535,317.69,317.88,317.21,317.23,579809
ROW: AAPL,201010181540,317.24,317.76,317.16,317.61,524124
TREND
ROW: AAPL,201010181600,317.99,318.46,315.74,318.3,220015
ROW: AAPL,201010181605,318.22,318.25,313.01,316,61408
TREND
ROW: AAPL,201010181615,316.6,317.24,316.02,316.43,26365
ROW: AAPL,201010181620,316.45,316.5,315.88,316.25,22165
TREND
ROW: AAPL,201010181630,317.9,317.9,317.9,317.9,2700
ROW: AAPL,201010181635,316.43,316.5,315.88,316.26,22116
TREND
ROW: AAPL,201010181640,316.25,316.5,316.2,316.2,8040
ROW: AAPL,201010181645,300,300,300,300,43363
TREND
ROW: AAPL,201010190900,305.12,305.16,303.37,303.4,151192
ROW: AAPL,201010190905,303.41,303.75,302.56,303.4,158221
TREND
ROW: AAPL,201010190910,303.25,304.14,303.23,303.42,70795
ROW: AAPL,201010190915,303.47,303.5,301.8,302.05,93561
ROW: AAPL,201010190920,301.97,302.67,301.6,301.89,93983
TREND
ROW: AAPL,201010191030,312.11,313.77,312.02,312.99,894556
ROW: AAPL,201010191035,312.95,313.19,311.64,311.8,635818
ROW: AAPL,201010191040,311.8,312.36,311.26,311.45,462623
TREND
ROW: AAPL,201010191050,312.14,312.91,311.8,312.1,427239
ROW: AAPL,201010191055,312.11,312.75,311.61,311.72,407048
ROW: AAPL,201010191100,311.73,311.92,310.41,311.12,668050
ROW: AAPL,201010191105,311.12,311.2,309.57,309.69,576938
ROW: AAPL,201010191110,309.59,310.17,309.55,309.92,486667
TREND
ROW: AAPL,201010191115,309.9,310.45,309.65,310.2,292554
ROW: AAPL,201010191120,310.22,310.28,309.41,309.77,328329
TREND
ROW: AAPL,201010191145,311.34,311.89,311.25,311.61,386983
ROW: AAPL,201010191150,311.6,311.64,311.02,311.34,257794
TREND
ROW: AAPL,201010191205,312.16,312.7,311.93,311.93,370736
ROW: AAPL,201010191210,311.92,312.33,311.6,312.15,227522
TREND
ROW: AAPL,201010191215,312.14,312.49,311.69,311.76,193229
ROW: AAPL,201010191220,311.76,311.81,311.21,311.21,255530
ROW: AAPL,201010191225,311.24,311.64,311.06,311.48,137918
TREND
ROW: AAPL,201010191230,311.49,311.63,311.24,311.33,127569
ROW: AAPL,201010191235,311.3,311.58,311.07,311.46,193755
TREND
ROW: AAPL,201010191245,312.09,312.09,311.58,311.87,186442
ROW: AAPL,201010191250,311.87,311.93,311.39,311.81,147707
TREND
ROW: AAPL,201010191300,312.09,312.1,311.65,311.73,133512
ROW: AAPL,201010191305,311.78,311.85,311.1,311.39,215293
ROW: AAPL,201010191310,311.41,311.49,310.72,311.01,269714
TREND
ROW: AAPL,201010191320,311.33,311.62,310.91,310.97,194107
ROW: AAPL,201010191325,310.91,311,310.3,310.31,265249
ROW: AAPL,201010191330,310.3,310.6,310.2,310.34,231144
TREND
ROW: AAPL,201010191340,310.55,310.7,310.38,310.53,179969
ROW: AAPL,201010191345,310.55,310.56,309.69,310.3,367346
TREND
ROW: AAPL,201010191350,310.26,310.3,309.7,309.71,261205
ROW: AAPL,201010191355,309.75,309.8,308.66,309.07,535739
ROW: AAPL,201010191400,309.07,309.12,306.68,306.76,898070
TREND
ROW: AAPL,201010191420,308.28,308.7,308,308.14,310040
ROW: AAPL,201010191425,308.07,308.55,307.57,307.89,475025
TREND
ROW: AAPL,201010191435,308.97,309.21,308.34,308.58,383821
ROW: AAPL,201010191440,308.58,308.78,308.18,308.75,157433
TREND
ROW: AAPL,201010191455,309.31,309.88,308.82,308.92,282408
ROW: AAPL,201010191500,308.97,309.23,308.34,308.71,247151
ROW: AAPL,201010191505,308.73,308.92,307.54,307.91,418763
ROW: AAPL,201010191510,307.91,308.56,307.38,307.85,363568
TREND
ROW: AAPL,201010191520,308.17,308.75,307.82,308.25,239522
ROW: AAPL,201010191525,308.2,308.67,307.2,307.37,350415
ROW: AAPL,201010191530,307.37,307.52,306.32,307.06,652165
TREND
ROW: AAPL,201010191600,309.5,309.69,309.44,309.48,217942
ROW: AAPL,201010191605,309.5,309.65,309.4,309.56,18699
TREND
ROW: AAPL,201010191610,309.56,309.59,309.4,309.49,6750
ROW: AAPL,201010191615,309.49,309.49,309.25,309.35,5157
ROW: AAPL,201010191620,309.34,309.34,309.15,309.19,6147
TREND
ROW: AAPL,201010191625,309.34,309.34,309.18,309.28,1450
ROW: AAPL,201010191630,309.2,309.29,309.15,309.15,7200
ROW: AAPL,201010191635,309.04,309.04,309,309,6446
ROW: AAPL,201010191640,309.01,309.01,308.88,308.94,2100
ROW: AAPL,201010191645,308.8,308.9,308.75,308.75,2502
ROW: AAPL,201010191650,308.78,308.78,308.6,308.6,3695
ROW: AAPL,201010191655,308.61,308.7,308.32,308.7,2704
TREND
ROW: AAPL,201010200915,309.14,309.16,308.9,308.9,7984
ROW: AAPL,201010200920,308.9,308.9,308.53,308.7,14606
TREND
ROW: AAPL,201010200930,309,310.8,308.76,310.11,895222
ROW: AAPL,201010200935,310.09,310.45,308,308.17,771423
TREND
ROW: AAPL,201010200945,309.84,310,308.36,308.58,472798
ROW: AAPL,201010200950,308.6,309.3,307.91,308.46,450606
TREND
ROW: AAPL,201010201000,308.9,309.21,308.56,308.73,348362
ROW: AAPL,201010201005,308.73,309.11,308.02,308.1,408781
ROW: AAPL,201010201010,308.09,308.4,306.87,307.79,678082
TREND
ROW: AAPL,201010201050,309.69,310.17,309.44,309.81,461194
ROW: AAPL,201010201055,309.84,310.1,309.38,309.63,365616
ROW: AAPL,201010201100,309.68,309.85,309.3,309.4,165838
TREND
ROW: AAPL,201010201215,313.95,314.19,313.75,314,254662
ROW: AAPL,201010201220,314.01,314.1,313.64,313.83,227521
ROW: AAPL,201010201225,313.83,313.86,313.3,313.56,193228
TREND
ROW: AAPL,201010201230,313.58,313.86,313.39,313.67,112705
ROW: AAPL,201010201235,313.72,313.83,313.11,313.24,163646
ROW: AAPL,201010201240,313.23,313.25,312.6,312.79,242582
TREND
ROW: AAPL,201010201250,313.19,313.27,312.86,312.86,98780
ROW: AAPL,201010201255,312.86,312.87,312.6,312.82,160131
TREND
ROW: AAPL,201010201305,313.05,313.13,312.77,312.94,162365
ROW: AAPL,201010201310,312.94,312.94,312.05,312.52,345902
TREND
ROW: AAPL,201010201325,313.36,313.39,313.05,313.2,130852
ROW: AAPL,201010201330,313.22,313.37,313.02,313.05,118975
ROW: AAPL,201010201335,313.03,313.05,312.42,312.45,173437
TREND
ROW: AAPL,201010201340,312.42,312.97,312.42,312.96,104311
ROW: AAPL,201010201345,312.92,312.92,312.34,312.52,131200
TREND
ROW: AAPL,201010201400,312.29,313.15,311.71,311.75,403372
ROW: AAPL,201010201405,311.81,312.14,311.21,311.33,494388
TREND
ROW: AAPL,201010201420,312.41,312.6,312.03,312.24,192975
ROW: AAPL,201010201425,312.24,312.57,311.83,311.94,253431
ROW: AAPL,201010201430,311.97,312.47,311.71,312.36,273778
TREND
ROW: AAPL,201010201440,312.32,312.7,312.15,312.63,268293
ROW: AAPL,201010201445,312.62,312.67,312,312.11,264944
ROW: AAPL,201010201450,312.15,312.44,311.88,312.26,188142
ROW: AAPL,201010201455,312.25,312.4,311.7,312.26,248864
TREND
ROW: AAPL,201010201500,312.26,312.5,312.04,312.19,165225
ROW: AAPL,201010201505,312.18,312.36,311.71,312.21,324058
TREND
ROW: AAPL,201010201530,312.86,312.92,312.62,312.68,225752
ROW: AAPL,201010201535,312.67,312.75,311.61,312,442929
ROW: AAPL,201010201540,312,312.12,311.23,311.31,370006
TREND
ROW: AAPL,201010201550,311.55,311.86,310.29,310.38,632178
ROW: AAPL,201010201555,310.41,310.82,309.92,310.53,921044
TREND
ROW: AAPL,201010201600,310.46,310.7,310.3,310.5,222400
ROW: AAPL,201010201605,310.43,310.5,310.15,310.48,6652
TREND
ROW: AAPL,201010201620,310.7,310.78,310.56,310.56,4648
ROW: AAPL,201010201625,310.66,310.7,310.55,310.66,4331
TREND
ROW: AAPL,201010201650,311.19,311.26,311.15,311.26,2730
ROW: AAPL,201010201655,311.24,311.24,311.09,311.09,4605
TREND
ROW: AAPL,201010210900,313.16,313.19,312.8,312.82,9666
ROW: AAPL,201010210905,312.8,312.89,312.64,312.65,6770
ROW: AAPL,201010210910,312.66,312.84,312.58,312.82,6913
TREND
ROW: AAPL,201010210920,313,313,312.86,313,2270
ROW: AAPL,201010210925,312.98,312.98,312.35,312.37,11000
ROW: AAPL,201010210930,312.36,312.44,311.12,311.83,718291
TREND
ROW: AAPL,201010210945,313.99,314.2,313.3,313.71,537326
ROW: AAPL,201010210950,313.76,313.82,313.09,313.4,304320
TREND
ROW: AAPL,201010210955,313.33,313.95,313.28,313.71,217681
ROW: AAPL,201010211000,313.59,313.66,312.6,313.2,434762
TREND
ROW: AAPL,201010211010,314.07,314.23,313.68,313.74,443195
ROW: AAPL,201010211015,313.74,313.77,312.8,313.12,288124
TREND
ROW: AAPL,201010211030,313.16,313.46,313.05,313.15,169880
ROW: AAPL,201010211035,313.22,313.31,312.8,312.88,186580
ROW: AAPL,201010211040,312.89,313.19,312.62,312.74,273381
ROW: AAPL,201010211045,312.71,313,312.36,313,253986
TREND
ROW: AAPL,201010211105,313.02,313.31,312.5,312.52,188450
ROW: AAPL,201010211110,312.55,312.75,311.94,311.99,307939
ROW: AAPL,201010211115,311.98,312.31,311.7,311.9,235981
TREND
ROW: AAPL,201010211120,311.91,312.3,311.72,311.84,140842
ROW: AAPL,201010211125,311.85,311.94,311.44,311.76,290779
TREND
ROW: AAPL,201010211130,311.74,312.23,311.72,312.06,122607
ROW: AAPL,201010211135,312.09,312.09,310.59,310.85,342730
ROW: AAPL,201010211140,310.88,310.92,310.08,310.2,488124
TREND
ROW: AAPL,201010211200,311.05,311.12,310.7,310.84,118702
ROW: AAPL,201010211205,310.85,311,310.6,310.93,91833
TREND
ROW: AAPL,201010211210,310.93,311.13,310.73,310.8,77357
ROW: AAPL,201010211215,310.85,311.08,310.65,310.89,90699
ROW: AAPL,201010211220,310.89,311,310.32,310.5,147129
ROW: AAPL,201010211225,310.44,310.76,310.27,310.69,103462
ROW: AAPL,201010211230,310.64,310.67,310.15,310.25,118536
ROW: AAPL,201010211235,310.24,310.32,309.12,309.19,395633
ROW: AAPL,201010211240,309.22,309.86,309.01,309.74,232602
TREND
ROW: AAPL,201010211310,310.58,310.76,310.34,310.5,77604
ROW: AAPL,201010211315,310.53,310.57,310.05,310.29,116683
TREND
ROW: AAPL,201010211325,310.17,310.42,310.08,310.2,48357
ROW: AAPL,201010211330,310.22,310.28,309.4,309.56,186252
TREND
ROW: AAPL,201010211340,309.75,310,309.41,309.55,104879
ROW: AAPL,201010211345,309.5,309.5,308.56,308.82,346039
ROW: AAPL,201010211350,308.88,308.94,308.17,308.57,345655
ROW: AAPL,201010211355,308.56,308.57,307.05,307.4,498124
ROW: AAPL,201010211400,307.47,307.95,306.8,307.84,520861
TREND
ROW: AAPL,201010211410,308.04,308.3,307.44,307.95,203343
ROW: AAPL,201010211415,307.95,308.17,307.43,308.01,180383
TREND
ROW: AAPL,201010211500,309.07,309.36,308.92,309.19,145859
ROW: AAPL,201010211505,309.19,309.2,308.79,308.86,137959
ROW: AAPL,201010211510,308.84,309,308.5,309,150508
TREND
ROW: AAPL,201010211535,309.6,309.93,309.52,309.66,121445
ROW: AAPL,201010211540,309.66,309.8,309.04,309.42,171869
ROW: AAPL,201010211545,309.41,309.68,308.93,309.34,229664
TREND
ROW: AAPL,201010211600,309.5,310.27,308.8,308.8,355172
ROW: AAPL,201010211605,309.08,309.1,308.54,308.67,10671
TREND
ROW: AAPL,201010211625,309,309,308.9,308.9,1402
ROW: AAPL,201010211630,308.76,308.94,308.76,308.81,696
TREND
ROW: AAPL,201010211640,308.88,308.88,308.88,308.88,300
ROW: AAPL,201010211645,308.78,308.84,308.78,308.84,257
ROW: AAPL,201010211650,308.79,308.83,308.65,308.65,1425
ROW: AAPL,201010211655,308.65,308.65,308.3,308.3,3655
TREND
ROW: AAPL,201010220910,309.55,310.28,309.55,309.67,40228
ROW: AAPL,201010220915,309.65,309.69,309.15,309.3,16360
TREND
ROW: AAPL,201010220925,309.3,309.49,308.92,309.19,17708
ROW: AAPL,201010220930,309.07,309.25,307.83,308.64,676733
TREND
ROW: AAPL,201010220940,309.77,310.04,309.43,309.57,390451
ROW: AAPL,201010220945,309.58,309.66,308.6,308.76,294611
ROW: AAPL,201010220950,308.81,308.86,308.26,308.4,266654
ROW: AAPL,201010220955,308.39,308.82,308.2,308.38,216038
ROW: AAPL,201010221000,308.39,308.39,307.3,307.95,365350
TREND
ROW: AAPL,201010221005,307.99,308.26,307.64,307.87,191930
ROW: AAPL,201010221010,307.89,308.02,307.13,307.82,245632
TREND
ROW: AAPL,201010221055,309.09,309.59,308.9,309.14,262163
ROW: AAPL,201010221100,309.1,309.48,308.79,309.47,160066
TREND
ROW: AAPL,201010221105,309.47,309.5,308.88,308.9,150907
ROW: AAPL,201010221110,308.9,309.32,308.47,308.48,153536
ROW: AAPL,201010221115,308.48,308.79,308.2,308.75,156919
TREND
ROW: AAPL,201010221120,308.72,308.84,308.38,308.43,92399
ROW: AAPL,201010221125,308.41,308.47,308.26,308.44,107073
TREND
ROW: AAPL,201010221135,308.95,309.26,308.85,309.06,104105
ROW: AAPL,201010221140,309.08,309.13,308.77,308.83,68964
ROW: AAPL,201010221145,308.84,308.85,308.25,308.34,138318
ROW: AAPL,201010221150,308.29,308.54,308.21,308.49,76671
TREND
ROW: AAPL,201010221155,308.49,308.72,308.2,308.2,121832
ROW: AAPL,201010221200,308.21,308.5,308.1,308.46,138450
TREND
ROW: AAPL,201010221205,308.41,308.53,308.29,308.39,113020
ROW: AAPL,201010221210,308.39,308.45,308.21,308.28,77324
ROW: AAPL,201010221215,308.24,308.33,308.19,308.27,63056
TREND
ROW: AAPL,201010221225,308.55,308.74,308.47,308.66,131377
ROW: AAPL,201010221230,308.65,308.71,308.25,308.25,94777
ROW: AAPL,201010221235,308.26,308.62,308.2,308.43,74552
TREND
ROW: AAPL,201010221250,308.5,308.5,308.15,308.21,87470
ROW: AAPL,201010221255,308.22,308.36,308.02,308.22,89053
ROW: AAPL,201010221300,308.17,308.28,308,308.08,65154
TREND
ROW: AAPL,201010221315,308.13,308.33,308.09,308.27,88793
ROW: AAPL,201010221320,308.24,308.26,308,308,79793
TREND
ROW: AAPL,201010221330,308.35,308.39,308.15,308.29,53786
ROW: AAPL,201010221335,308.29,308.3,307.82,307.85,110336
ROW: AAPL,201010221340,307.83,308.07,307.81,307.96,62809
ROW: AAPL,201010221345,307.96,307.99,307.66,307.68,81850
ROW: AAPL,201010221350,307.67,307.83,307.5,307.76,164261
TREND
ROW: AAPL,201010221355,307.77,307.85,307.6,307.61,110359
ROW: AAPL,201010221400,307.63,307.8,307.51,307.51,82697
TREND
ROW: AAPL,201010221435,308.43,308.8,308.42,308.64,110690
ROW: AAPL,201010221440,308.64,308.76,308.41,308.7,92736
TREND
ROW: AAPL,201010221445,308.7,308.9,308.56,308.7,96855
ROW: AAPL,201010221450,308.72,308.87,308.27,308.27,100400
ROW: AAPL,201010221455,308.26,308.45,308.26,308.31,118292
ROW: AAPL,201010221500,308.31,308.33,308.06,308.27,141793
TREND
ROW: AAPL,201010221505,308.28,308.49,308.05,308.2,173214
ROW: AAPL,201010221510,308.21,308.4,307.79,307.93,183023
ROW: AAPL,201010221515,307.93,308,307.63,307.87,95320
TREND
ROW: AAPL,201010221520,307.87,308.1,307.81,307.85,121843
ROW: AAPL,201010221525,307.85,308.04,307.8,307.89,103219
TREND
ROW: AAPL,201010221530,307.87,308.04,307.78,307.89,101056
ROW: AAPL,201010221535,307.94,307.95,307.59,307.59,114047
ROW: AAPL,201010221540,307.61,307.65,307.36,307.37,252983
TREND
ROW: AAPL,201010221550,307.63,307.94,307.58,307.65,267597
ROW: AAPL,201010221555,307.67,307.89,306.3,307.88,889455
TREND
ROW: AAPL,201010221650,307.56,307.57,307.49,307.57,2830
ROW: AAPL,201010221655,307.5,307.5,307.47,307.47,1280
TREND
ROW: AAPL,201010250910,308.91,309.04,308.91,308.98,2820
ROW: AAPL,201010250915,308.99,309,308.81,308.81,1900
TREND
ROW: AAPL,201010250950,311.03,311.19,310.8,310.9,174273
ROW: AAPL,201010250955,310.98,310.98,310.45,310.75,262143
TREND
ROW: AAPL,201010251010,310.64,311.08,310.56,310.63,236739
ROW: AAPL,201010251015,310.63,310.95,310.3,310.62,265331
TREND
ROW: AAPL,201010251025,311.02,311.36,311.02,311.07,293351
ROW: AAPL,201010251030,311.09,311.26,310.2,310.33,323943
ROW: AAPL,201010251035,310.31,310.71,310.05,310.4,218987
ROW: AAPL,201010251040,310.43,310.58,309.6,309.84,265131
TREND
ROW: AAPL,201010251045,309.84,310.1,309.75,309.95,199626
ROW: AAPL,201010251050,309.98,310.06,309.61,310.05,150046
TREND
ROW: AAPL,201010251055,310.06,310.2,309.77,309.77,166022
ROW: AAPL,201010251100,309.8,309.93,309.25,309.33,188830
ROW: AAPL,201010251105,309.33,309.65,309.03,309.56,195488
TREND
ROW: AAPL,201010251145,310.35,310.41,310.2,310.35,75947
ROW: AAPL,201010251150,310.36,310.39,309.86,309.92,88499
TREND
ROW: AAPL,201010251200,310.05,310.15,309.88,309.92,37663
ROW: AAPL,201010251205,309.88,309.98,309.56,309.97,92774
TREND
ROW: AAPL,201010251210,309.93,310.04,309.86,309.89,56499
ROW: AAPL,201010251215,309.9,310.03,309.6,309.66,52351
ROW: AAPL,201010251220,309.61,310,309.56,309.76,100335
TREND
ROW: AAPL,201010251225,309.73,309.87,309.63,309.78,47532
ROW: AAPL,201010251230,309.79,309.86,309.61,309.73,34459
TREND
ROW: AAPL,201010251245,310.16,310.29,309.92,310,49823
ROW: AAPL,201010251250,309.99,310.06,309.78,309.92,43466
TREND
ROW: AAPL,201010251310,310.13,310.24,309.99,309.99,42952
ROW: AAPL,201010251315,310.02,310.22,309.86,310.07,48826
TREND
ROW: AAPL,201010251325,310.23,310.5,310.13,310.18,74284
ROW: AAPL,201010251330,310.22,310.49,310.12,310.16,70809
TREND
ROW: AAPL,201010251345,310.6,310.71,310.47,310.64,104427
ROW: AAPL,201010251350,310.61,310.62,310.37,310.41,106696
ROW: AAPL,201010251355,310.42,310.54,310.23,310.45,82801
TREND
ROW: AAPL,201010251430,310.59,310.8,310.51,310.6,101091
ROW: AAPL,201010251435,310.6,310.71,310.04,310.41,247042
ROW: AAPL,201010251440,310.4,310.41,309.91,310.14,103682
ROW: AAPL,201010251445,310.13,310.3,309.9,309.93,75449
TREND
ROW: AAPL,201010251500,310.21,310.45,310.2,310.33,244309
ROW: AAPL,201010251505,310.32,310.4,309.9,310.08,169847
ROW: AAPL,201010251510,310.08,310.1,309.56,309.59,198140
TREND
ROW: AAPL,201010251530,310.02,310.2,309.94,310.01,102005
ROW: AAPL,201010251535,309.98,310.1,309.4,309.42,217143
ROW: AAPL,201010251540,309.41,309.8,309.25,309.42,175981
ROW: AAPL,201010251545,309.42,309.49,308.93,309.28,328348
TREND
ROW: AAPL,201010251550,309.26,309.4,308.97,309.07,308296
ROW: AAPL,201010251555,309.08,309.12,308.72,308.83,476313
ROW: AAPL,201010251600,308.84,309.1,308.57,308.6,564646
TREND
ROW: AAPL,201010251655,308.72,308.72,308.72,308.72,100
ROW: AAPL,201010260900,307.34,307.4,306.7,306.7,33262
ROW: AAPL,201010260905,306.7,307,306.46,306.93,12334
TREND
ROW: AAPL,201010260915,307,307.34,306.91,307,5600
ROW: AAPL,201010260920,307,307,306.86,306.9,3718
TREND
ROW: AAPL,201010260935,306.96,307.1,306.51,306.79,405403
ROW: AAPL,201010260940,306.76,306.85,305.65,305.88,674922
TREND
ROW: AAPL,201010261010,308.33,308.34,307.63,307.63,221844
ROW: AAPL,201010261015,307.65,308.2,307.62,308.01,248141
TREND
ROW: AAPL,201010261035,309.15,309.3,308.8,308.94,292886
ROW: AAPL,201010261040,308.96,309.07,308.42,308.67,205542
TREND
ROW: AAPL,201010261100,309.03,309.51,308.77,308.94,310474
ROW: AAPL,201010261105,308.87,309,308.55,308.73,201094
ROW: AAPL,201010261110,308.68,308.78,308.27,308.64,137581
TREND
ROW: AAPL,201010261125,309.71,309.71,309.19,309.38,136908
ROW: AAPL,201010261130,309.33,309.4,309.1,309.22,81327
TREND
ROW: AAPL,201010261150,309.38,309.64,309.31,309.39,127850
ROW: AAPL,201010261155,309.36,309.49,309.28,309.41,141944
TREND
ROW: AAPL,201010261200,309.41,309.57,309.25,309.33,158575
ROW: AAPL,201010261205,309.33,309.33,309.03,309.03,79508
TREND
ROW: AAPL,201010261215,309.5,309.59,309.27,309.33,106331
ROW: AAPL,201010261220,309.33,309.53,309.24,309.3,87213
ROW: AAPL,201010261225,309.32,309.42,309.18,309.18,58766
ROW: AAPL,201010261230,309.24,309.36,309.13,309.16,47248
ROW: AAPL,201010261235,309.17,309.26,309.05,309.17,67255
ROW: AAPL,201010261240,309.17,309.2,308.76,308.87,70910
ROW: AAPL,201010261245,308.8,308.99,308.7,308.94,69558
TREND
ROW: AAPL,201010261255,308.9,309.2,308.9,309.03,77017
ROW: AAPL,201010261300,309.04,309.11,308.8,308.96,67307
TREND
ROW: AAPL,201010261315,309.14,309.32,308.95,309.01,140397
ROW: AAPL,201010261320,309.01,309.06,308.44,308.57,194624
ROW: AAPL,201010261325,308.52,308.75,308,308.01,207720
ROW: AAPL,201010261330,308,308.33,307.99,308.26,129284
TREND
ROW: AAPL,201010261340,308.24,308.54,308.24,308.46,65737
ROW: AAPL,201010261345,308.44,308.44,308.05,308.22,102151
ROW: AAPL,201010261350,308.22,308.28,307.48,307.68,159894
TREND
ROW: AAPL,201010261400,307.69,308,307.54,307.59,112304
ROW: AAPL,201010261405,307.6,307.89,307.44,307.56,154799
TREND
ROW: AAPL,201010261440,308.34,308.49,308.2,308.27,62295
ROW: AAPL,201010261445,308.21,308.48,308.06,308.36,72804
TREND
ROW: AAPL,201010261450,308.33,308.48,308.24,308.37,55054
ROW: AAPL,201010261455,308.37,308.45,308.01,308.01,89877
ROW: AAPL,201010261500,308.02,308.13,307.82,307.91,121702
ROW: AAPL,201010261505,307.91,307.96,307.53,307.81,143240
TREND
ROW: AAPL,201010261520,308.29,308.44,308.09,308.18,128398
ROW: AAPL,201010261525,308.23,308.38,307.8,307.86,126677
ROW: AAPL,201010261530,307.87,308.24,307.72,308.21,123770
TREND
ROW: AAPL,201010261535,308.21,308.23,307.88,308,76992
ROW: AAPL,201010261540,308.03,308.09,307.71,307.94,118025
ROW: AAPL,201010261545,307.93,307.99,307.6,307.86,215944
TREND
ROW: AAPL,201010261605,307.85,308.55,307.77,307.88,80990
ROW: AAPL,201010261610,307.84,307.9,307.71,307.9,6190
TREND
ROW: AAPL,201010261630,307.96,307.98,307.93,307.93,15280
ROW: AAPL,201010261635,307.87,307.9,307.86,307.9,1098
TREND
ROW: AAPL,201010261640,307.95,307.96,307.67,307.77,7207
ROW: AAPL,201010261645,307.61,307.65,307.6,307.65,1611
ROW: AAPL,201010261650,307.57,307.62,307.4,307.55,3850
ROW: AAPL,201010261655,307.39,307.6,307.2,307.4,15550
TREND
ROW: AAPL,201010270900,308.25,308.31,308.05,308.25,23180
ROW: AAPL,201010270905,308.2,308.21,307.83,307.98,9410
ROW: AAPL,201010270910,307.98,308.19,307.82,307.82,6964
TREND
ROW: AAPL,201010270915,307.86,308.05,307.84,308.01,2765
ROW: AAPL,201010270920,307.97,308.01,307.72,307.72,5475
ROW: AAPL,201010270925,307.76,307.94,307.25,307.61,10818
TREND
ROW: AAPL,201010270935,308.75,309.34,307.8,307.91,441213
ROW: AAPL,201010270940,307.88,308.31,307.22,307.52,368402
TREND
ROW: AAPL,201010270955,308.25,308.86,307.77,308.11,254688
ROW: AAPL,201010271000,308.17,308.4,307.3,307.72,264731
TREND
ROW: AAPL,201010271010,307.85,308.26,307.55,307.89,190392
ROW: AAPL,201010271015,307.9,308.19,307.25,307.42,176338
ROW: AAPL,201010271020,307.44,307.6,306.62,306.63,326791
ROW: AAPL,201010271025,306.64,306.87,306.22,306.6,362131
TREND
ROW: AAPL,201010271035,307.13,307.38,306.67,306.82,189978
ROW: AAPL,201010271040,306.83,307.18,306.5,306.74,152599
TREND
ROW: AAPL,201010271045,306.73,307.15,306.6,306.75,104184
ROW: AAPL,201010271050,306.71,307.1,306.4,307.01,127824
ROW: AAPL,201010271055,307.04,307.08,306.14,306.18,163895
ROW: AAPL,201010271100,306.27,306.73,306.09,306.3,222132
ROW: AAPL,201010271105,306.29,306.36,305.65,306.17,313551
TREND
ROW: AAPL,201010271120,306.15,306.32,305.92,306.02,117274
ROW: AAPL,201010271125,306.04,306.1,305.6,306,175758
TREND
ROW: AAPL,201010271155,306.89,307,306.57,306.7,70262
ROW: AAPL,201010271200,306.65,306.75,306.42,306.61,64922
TREND
ROW: AAPL,201010271210,306.56,306.75,306.5,306.62,30623
ROW: AAPL,201010271215,306.68,306.72,306.47,306.51,56536
ROW: AAPL,201010271220,306.53,306.61,306.35,306.42,69165
TREND
ROW: AAPL,201010271235,306.53,306.6,306.41,306.48,36914
ROW: AAPL,201010271240,306.43,306.5,306.03,306.11,119956
TREND
ROW: AAPL,201010271305,306.79,307.06,306.65,306.65,85938
ROW: AAPL,201010271310,306.67,306.69,306,306.07,180653
ROW: AAPL,201010271315,306,306.16,305.76,306.15,139880
TREND
ROW: AAPL,201010271345,307.17,307.19,306.74,307.1,101971
ROW: AAPL,201010271350,307.11,307.14,306.69,306.72,67294
TREND
ROW: AAPL,201010271405,307.14,307.19,307.01,307.15,77858
ROW: AAPL,201010271410,307.14,307.14,307,307.04,37794
TREND
ROW: AAPL,201010271415,307.04,307.15,306.7,306.81,100037
ROW: AAPL,201010271420,306.76,306.83,306.55,306.83,59625
TREND
ROW: AAPL,201010271425,306.82,306.85,306.62,306.67,38869
ROW: AAPL,201010271430,306.71,306.79,306.59,306.71,51978
TREND
ROW: AAPL,201010271440,307.2,307.65,307.14,307.34,234471
ROW: AAPL,201010271445,307.35,307.52,307.08,307.2,120511
ROW: AAPL,201010271450,307.19,307.25,307,307.23,105341
TREND
ROW: AAPL,201010271455,307.23,307.46,307,307.08,122709
ROW: AAPL,201010271500,307.09,307.3,306.86,306.86,87343
TREND
ROW: AAPL,201010271505,306.89,307.24,306.86,306.96,75856
ROW: AAPL,201010271510,306.96,307,306.7,306.83,83127
ROW: AAPL,201010271515,306.83,306.83,306.5,306.52,114584
ROW: AAPL,201010271520,306.53,306.74,306.2,306.7,167522
TREND
ROW: AAPL,201010271555,307.72,307.99,307.5,307.71,477587
ROW: AAPL,201010271600,307.83,307.83,307.45,307.55,298880
ROW: AAPL,201010271605,307.4,307.49,306.8,307.01,19826
TREND
ROW: AAPL,201010271620,307.4,307.49,307.31,307.42,6363
ROW: AAPL,201010271625,307.31,307.39,307.2,307.32,2380
TREND
ROW: AAPL,201010271630,307.37,307.37,307.29,307.29,1326
ROW: AAPL,201010271635,307.23,307.34,307.23,307.34,961
TREND
ROW: AAPL,201010271645,307.34,307.39,305,305,46816
ROW: AAPL,201010271650,305.01,305.75,303.8,304.52,242617
TREND
ROW: AAPL,201010280905,307.81,307.95,307.71,307.83,6120
ROW: AAPL,201010280910,307.83,307.84,307.5,307.58,7255
TREND
ROW: AAPL,201010280925,307.9,308.49,307.9,307.98,24919
ROW: AAPL,201010280930,307.95,308,306.67,307.01,565672
TREND
ROW: AAPL,201010280935,307,307.5,306.68,306.94,333299
ROW: AAPL,201010280940,306.94,306.94,306.05,306.3375,432937
ROW: AAPL,201010280945,306.33,306.7,305.85,306.13,344292
ROW: AAPL,201010280950,306.16,306.2,305.77,305.92,302986
ROW: AAPL,201010280955,305.95,306.01,305.43,305.84,431121
TREND
ROW: AAPL,201010281005,306.23,306.82,305.89,306.5472,316720
ROW: AAPL,201010281010,306.48,306.502,305.66,305.92,197193
ROW: AAPL,201010281015,305.92,306.03,305.05,305.28,395972
TREND
ROW: AAPL,201010281020,305.28,305.47,305.15,305.19,219265
ROW: AAPL,201010281025,305.19,305.37,304.05,304.27,567132
ROW: AAPL,201010281030,304.31,304.38,303.72,304.35,528999
TREND
ROW: AAPL,201010281050,304.19,304.4193,304,304.05,207664
ROW: AAPL,201010281055,304.05,304.09,303.57,303.83,169599
TREND
ROW: AAPL,201010281110,304.569,304.82,304.48,304.481,252975
ROW: AAPL,201010281115,304.481,304.481,304.09,304.3,109558
TREND
ROW: AAPL,201010281125,304.47,304.67,304.36,304.5639,153796
ROW: AAPL,201010281130,304.51,304.54,304.15,304.32,112645
TREND
ROW: AAPL,201010281140,304.28,304.52,304.21,304.4408,86718
ROW: AAPL,201010281145,304.5,304.5,304.15,304.2024,73167
ROW: AAPL,201010281150,304.25,304.38,304.07,304.15,63368
ROW: AAPL,201010281155,304.1525,304.2,303.84,303.9,120897
ROW: AAPL,201010281200,303.87,303.88,303.02,303.25,332547
TREND
ROW: AAPL,201010281220,303.5397,303.5397,303.17,303.174,74402
ROW: AAPL,201010281225,303.2,303.25,302.63,302.93,319475
ROW: AAPL,201010281230,302.91,302.91,302.23,302.6,304449
TREND
ROW: AAPL,201010281245,302.95,302.96,302.41,302.44,145850
ROW: AAPL,201010281250,302.44,302.58,302.24,302.4,246635
ROW: AAPL,201010281255,302.4,302.46,301.38,301.43,409884
ROW: AAPL,201010281300,301.39,301.87,300.9,301.65,581209
TREND
ROW: AAPL,201010281335,303.57,303.98,303.4,303.8,153511
ROW: AAPL,201010281340,303.82,303.93,303.11,303.27,190451
ROW: AAPL,201010281345,303.25,303.35,303.05,303.27,119622
TREND
ROW: AAPL,201010281410,304.39,304.57,304.14,304.144,140895
ROW: AAPL,201010281415,304.14,304.49,304.1,304.25,164548
TREND
ROW: AAPL,201010281435,305.122,305.21,304.531,304.7219,180013
ROW: AAPL,201010281440,304.7201,305.06,304.44,305.0199,158726
TREND
ROW: AAPL,201010281455,305.02,305.29,304.81,304.82,163971
ROW: AAPL,201010281500,304.82,305.2,304.8,305.2,167035
TREND
ROW: AAPL,201010281510,305.376,305.63,304.9508,305.11,270802
ROW: AAPL,201010281515,305.1101,305.2397,304.95,305.08,200212
ROW: AAPL,201010281520,305.08,305.08,304.45,304.68,258475
TREND
ROW: AAPL,201010281540,306.225,306.44,305.94,306.165,353373
ROW: AAPL,201010281545,306.17,306.38,305.81,306.22,297591
ROW: AAPL,201010281550,306.21,306.3,305.63,305.63,293371
ROW: AAPL,201010281555,305.63,305.77,305.03,305.23,435280
TREND
ROW: AAPL,201010281600,305.24,305.7,305.17,305.25,250271
ROW: AAPL,201010281605,305.25,305.65,304.92,305.45,12794
TREND
ROW: AAPL,201010281655,305.41,305.59,305.4,305.59,4465
ROW: AAPL,201010290900,305.25,305.42,305.25,305.27,8500
ROW: AAPL,201010290905,305.34,305.4,305.21,305.21,6591
ROW: AAPL,201010290910,305.23,305.23,305.15,305.15,2563
TREND
ROW: AAPL,201010290915,305.24,305.36,305.16,305.16,3943
ROW: AAPL,201010290920,305.2,305.2,304.96,305.1,3400
ROW: AAPL,201010290925,305.1,305.1,304.22,304.23,10192
ROW: AAPL,201010290930,304.23,305.08,304,305.059,427136
TREND
ROW: AAPL,201010290935,304.96,305.88,304.9,305.42,351000
ROW: AAPL,201010290940,305.41,305.54,304.64,305.03,286252
TREND
ROW: AAPL,201010290945,305.07,305.34,304.77,305.2294,241067
ROW: AAPL,201010290950,305.15,305.2,304.48,304.745,232066
ROW: AAPL,201010290955,304.7499,304.75,304.33,304.415,134433
TREND
ROW: AAPL,201010291005,304.8,305.3,304.77,304.97,295815
ROW: AAPL,201010291010,304.96,305,304.6,304.73,133625
TREND
ROW: AAPL,201010291015,304.715,305.03,304.65,304.86,118554
ROW: AAPL,201010291020,304.86,304.88,304.54,304.665,99994
TREND
ROW: AAPL,201010291025,304.65,305.07,304.65,304.68,111856
ROW: AAPL,201010291030,304.72,304.73,303.79,303.92,207605
TREND
ROW: AAPL,201010291035,303.828,304.26,303.82,303.989,190726
ROW: AAPL,201010291040,303.946,304.04,302.95,303.04,260023
ROW: AAPL,201010291045,303.04,303.34,302.64,303.26,257080
TREND
ROW: AAPL,201010291100,303.43,303.62,303.36,303.51,105624
ROW: AAPL,201010291105,303.52,303.54,303.03,303.468,153991
TREND
ROW: AAPL,201010291110,303.44,303.63,303.37,303.6,97839
ROW: AAPL,201010291115,303.5996,303.61,303.2,303.5,90620
ROW: AAPL,201010291120,303.475,303.56,303.08,303.0801,130680
ROW: AAPL,201010291125,303.1493,303.1493,302.55,302.555,188592
ROW: AAPL,201010291130,302.55,302.74,302,302.19,322264
TREND
ROW: AAPL,201010291140,302.39,302.7299,302.25,302.435,186499
ROW: AAPL,201010291145,302.45,302.5,302.14,302.4,116282
ROW: AAPL,201010291150,302.38,302.44,302.12,302.395,109205
TREND
ROW: AAPL,201010291235,304.236,304.65,303.91,303.91,330309
ROW: AAPL,201010291240,303.9009,304,303.61,303.8119,113105
ROW: AAPL,201010291245,303.85,303.92,303.6,303.76,53833
TREND
ROW: AAPL,201010291255,303.79,303.8395,303.63,303.636,52847
ROW: AAPL,201010291300,303.66,303.66,302.9,302.93,275683
ROW: AAPL,201010291305,302.92,303,302.62,302.7,134391
ROW: AAPL,201010291310,302.701,302.8,302.52,302.62,87287
ROW: AAPL,201010291315,302.604,302.79,302.36,302.79,162169
TREND
ROW: AAPL,201010291330,303.12,303.27,303,303.069,68058
ROW: AAPL,201010291335,303.02,303.1,302.55,302.55,126046
ROW: AAPL,201010291340,302.575,302.679,302.26,302.4955,219796
TREND
ROW: AAPL,201010291405,302.95,302.97,302.84,302.952,51619
ROW: AAPL,201010291410,302.9,302.94,302.62,302.63,86827
TREND
ROW: AAPL,201010291420,302.747,303.15,302.73,302.99,130890
ROW: AAPL,201010291425,302.99,303.07,302.65,302.7,101960
ROW: AAPL,201010291430,302.71,302.72,302.21,302.43,198012
TREND
ROW: AAPL,201010291455,302.1608,302.35,302.09,302.13,99912
ROW: AAPL,201010291500,302.112,302.25,302,302.11,156633
TREND
ROW: AAPL,201010291505,302.147,302.27,302.02,302.08,78803
ROW: AAPL,201010291510,302.12,302.13,301.5,301.9294,304711
TREND
ROW: AAPL,201010291535,302.535,302.7499,302.4,302.64,205928
ROW: AAPL,201010291540,302.69,302.69,302.31,302.34,195424
ROW: AAPL,201010291545,302.36,302.36,301.66,301.6601,492678
ROW: AAPL,201010291550,301.7,301.7,300.93,301.056,820072
ROW: AAPL,201010291555,300.9855,301.11,300.88,300.88,730662
ROW: AAPL,201010291600,300.88,301,300.55,300.6,765408
ROW: AAPL,201010291605,300.6,300.87,300.15,300.7,56443
TREND
ROW: AAPL,201010291610,300.68,300.87,300.56,300.87,7905
ROW: AAPL,201010291615,300.7,300.85,300.52,300.58,10336
ROW: AAPL,201010291620,300.6,300.8,300.48,300.57,11775
TREND
ROW: AAPL,201010291625,300.6,300.62,300.58,300.58,1740
ROW: AAPL,201010291630,300.55,300.6,300.5,300.5,5243
ROW: AAPL,201010291635,300.4,300.5,300.29,300.39,5332
ROW: AAPL,201010291640,300.33,300.36,300.28,300.35,15335
TREND
ROW: AAPL,201010291645,300.35,300.4,300.3,300.3,4522
ROW: AAPL,201010291650,300.27,300.39,300.26,300.36,2790
TREND
ROW: AAPL,201011010905,302.01,302.03,301.94,302.01,1950
ROW: AAPL,201011010910,301.99,301.99,301.9,301.97,2869
TREND
ROW: AAPL,201011011005,305.36,305.6,304.86,305.01,406367
ROW: AAPL,201011011010,305.07,305.25,304.84,305.09,233035
TREND
ROW: AAPL,201011011015,305.09,305.21,304.85,304.88,119410
ROW: AAPL,201011011020,304.909,305.06,304.58,304.6996,234403
ROW: AAPL,201011011025,304.65,304.96,304.52,304.9,225104
TREND
ROW: AAPL,201011011030,304.897,304.96,304.5,304.51,207170
ROW: AAPL,201011011035,304.5,304.67,304.21,304.4,272646
TREND
ROW: AAPL,201011011050,304.64,304.7,304.21,304.36,131869
ROW: AAPL,201011011055,304.38,304.6,304.16,304.36,160278
ROW: AAPL,201011011100,304.3001,304.5,303.94,304.47,341642
TREND
ROW: AAPL,201011011110,304.27,304.47,303.58,303.7,198180
ROW: AAPL,201011011115,303.71,303.81,303,303.3688,357298
TREND
ROW: AAPL,201011011120,303.34,303.44,303.06,303.2,186155
ROW: AAPL,201011011125,303.19,303.32,302.8,302.93,409018
ROW: AAPL,201011011130,302.8871,302.94,302.56,302.684,248176
TREND
ROW: AAPL,201011011200,303.94,304,303.64,303.78,159075
ROW: AAPL,201011011205,303.79,303.88,303.5,303.64,128115
TREND
ROW: AAPL,201011011220,304.14,304.37,304.1,304.202,109459
ROW: AAPL,201011011225,304.18,304.1905,303.85,304.1,87042
TREND
ROW: AAPL,201011011230,304.07,304.2,303.93,304.13,83756
ROW: AAPL,201011011235,304.1499,304.15,303.88,304.05,57339
TREND
ROW: AAPL,201011011240,304.04,304.09,303.89,303.99,60378
ROW: AAPL,201011011245,304,304.05,303.56,303.69,68693
ROW: AAPL,201011011250,303.71,303.72,303.5,303.69,100478
TREND
ROW: AAPL,201011011300,303.8056,304.24,303.73,303.91,115880
ROW: AAPL,201011011305,303.91,303.91,303.5,303.8,108706
TREND
ROW: AAPL,201011011315,303.8968,304.2,303.69,304.04,75181
ROW: AAPL,201011011320,304.08,304.19,303.61,303.69,80520
ROW: AAPL,201011011325,303.7325,303.91,303.5,303.91,76671
TREND
ROW: AAPL,201011011350,304.1,304.25,303.91,304.07,73560
ROW: AAPL,201011011355,304.05,304.1,303.87,303.9,43310
ROW: AAPL,201011011400,303.888,304.055,303.8,303.8,48178
ROW: AAPL,201011011405,303.79,303.8,303.5,303.74,98655
TREND
ROW: AAPL,201011011420,303.82,304.27,303.77,304.03,136169
ROW: AAPL,201011011425,304.04,304.15,303.75,303.8104,61416
TREND
ROW: AAPL,201011011430,303.86,304.03,303.75,303.918,54565
ROW: AAPL,201011011435,303.95,303.95,303.5,303.62,151316
ROW: AAPL,201011011440,303.604,303.67,303.2,303.523,206647
TREND
ROW: AAPL,201011011455,303.8,303.86,303.41,303.7736,74292
ROW: AAPL,201011011500,303.7601,303.8,303.231,303.31,119046
ROW: AAPL,201011011505,303.3444,303.3444,302.66,303,378477
TREND
ROW: AAPL,201011011510,303,303.16,302.78,302.81,182841
ROW: AAPL,201011011515,302.84,303.15,302.5,302.9001,185689
TREND
ROW: AAPL,201011011530,303.43,303.74,303.4,303.55,82017
ROW: AAPL,201011011535,303.53,303.68,303.33,303.48,91039
TREND
ROW: AAPL,201011011600,304.19,304.19,303.81,303.83,183593
ROW: AAPL,201011011605,303.97,304.06,303.75,303.75,27100
TREND
ROW: AAPL,201011011615,304.22,304.37,303.95,304.12,7645
ROW: AAPL,201011011620,304.12,304.12,303.89,304.01,3375
TREND
ROW: AAPL,201011020930,307.09,307.17,307.05,307.11,10135
ROW: AAPL,201011020935,307.11,307.15,306.95,307.09,8955
TREND
ROW: AAPL,201011021005,309,309.13,308.65,308.8,286518
ROW: AAPL,201011021010,308.76,309.03,308.1,308.73,205145
TREND
ROW: AAPL,201011021025,308.55,308.7,308.15,308.23,174494
ROW: AAPL,201011021030,308.3,308.5,308.1,308.42,182427
TREND
ROW: AAPL,201011021040,308.61,308.7,308.43,308.55,116295
ROW: AAPL,201011021045,308.54,308.59,307.1,307.89,205631
TREND
ROW: AAPL,201011021100,308.4,308.54,308.26,308.39,105825
ROW: AAPL,201011021105,308.44,308.44,308.19,308.35,89255
TREND
ROW: AAPL,201011021120,308.59,308.75,308.25,308.49,166799
ROW: AAPL,201011021125,308.49,308.58,308.18,308.44,79093
TREND
ROW: AAPL,201011021135,308.4,308.46,308.24,308.27,51176
ROW: AAPL,201011021140,308.27,308.37,307.88,307.93,95953
ROW: AAPL,201011021145,307.89,308.28,307.1,308.23,84680
TREND
ROW: AAPL,201011021150,308.2,308.43,308.1,308.23,66910
ROW: AAPL,201011021155,308.21,308.28,308.04,308.17,42177
ROW: AAPL,201011021200,308.17,308.25,308.02,308.24,51005
TREND
ROW: AAPL,201011021220,308.7,308.7,308.48,308.54,105405
ROW: AAPL,201011021225,308.49,308.6,308.25,308.32,60968
TREND
ROW: AAPL,201011021235,308.65,308.7,308.41,308.49,62694
ROW: AAPL,201011021240,308.46,308.55,308.33,308.41,64912
TREND
ROW: AAPL,201011021305,309.19,309.25,309.05,309.1,107703
ROW: AAPL,201011021310,309.13,309.23,309.01,309.16,112112
TREND
ROW: AAPL,201011021320,309.59,309.75,309.5,309.59,170762
ROW: AAPL,201011021325,309.62,309.63,309.44,309.59,112251
TREND
ROW: AAPL,201011021410,309.84,310,309.66,309.73,135283
ROW: AAPL,201011021415,309.73,309.74,309.51,309.51,121664
ROW: AAPL,201011021420,309.51,309.58,309.37,309.52,157491
ROW: AAPL,201011021425,309.55,309.55,309.01,309.11,236734
ROW: AAPL,201011021430,309.12,309.19,308.73,308.89,202100
TREND
ROW: AAPL,201011021440,309.2,309.43,309.16,309.17,91594
ROW: AAPL,201011021445,309.22,309.36,309.07,309.1,92040
ROW: AAPL,201011021450,309.11,309.3,309,309.03,131151
ROW: AAPL,201011021455,309.03,309.13,308.1,308.98,91806
TREND
ROW: AAPL,201011021540,309.74,309.79,309.55,309.59,130013
ROW: AAPL,201011021545,309.57,309.61,309.11,309.36,185432
TREND
ROW: AAPL,201011021550,309.37,309.46,309.12,309.17,172693
ROW: AAPL,201011021555,309.14,309.2,308.1,308.99,232581
TREND
ROW: AAPL,201011021620,309.44,309.5,309.42,309.46,3652
ROW: AAPL,201011021625,309.4,309.4,309.3,309.38,6749
TREND
ROW: AAPL,201011021635,309.99,310.15,309.86,309.86,7446
ROW: AAPL,201011021640,309.83,309.9,309.75,309.85,1130
TREND
ROW: AAPL,201011021645,309.89,309.89,309.8,309.8,650
ROW: AAPL,201011021650,309.86,309.86,309.76,309.76,1485
TREND
ROW: AAPL,201011030915,311.94,312,311.71,311.83,50440
ROW: AAPL,201011030920,311.82,311.87,311.62,311.67,17345
ROW: AAPL,201011030925,311.65,311.7,311.45,311.5,18880
ROW: AAPL,201011030930,311.5,311.5,311.24,311.4,10145
TREND
ROW: AAPL,201011030955,311.56,311.76,311.2,311.4,330113
ROW: AAPL,201011031000,311.4,311.62,311.1,311.51,275428
ROW: AAPL,201011031005,311.51,311.59,310.81,310.81,228147
ROW: AAPL,201011031010,310.81,311.35,310.1,311,226499
TREND
ROW: AAPL,201011031025,311.19,312,311.19,311.41,339775
ROW: AAPL,201011031030,311.44,311.55,311,311.04,177139
ROW: AAPL,201011031035,311.03,311.19,310.74,311.08,189822
TREND
ROW: AAPL,201011031040,311.05,311.19,310.7,310.78,147761
ROW: AAPL,201011031045,310.83,311.15,310.1,310.88,137658
TREND
ROW: AAPL,201011031050,310.94,311.05,310.1,310.73,165351
ROW: AAPL,201011031055,310.75,310.8,309.85,309.99,371012
ROW: AAPL,201011031100,309.97,310.23,309.1,310.04,209862
TREND
ROW: AAPL,201011031105,310.04,310.55,310.02,310.4,124904
ROW: AAPL,201011031110,310.39,310.41,309.95,309.97,141023
TREND
ROW: AAPL,201011031120,310.28,310.46,310.04,310.09,76537
ROW: AAPL,201011031125,310.09,310.11,309.1,309.64,232208
TREND
ROW: AAPL,201011031135,309.51,309.86,309.38,309.64,158233
ROW: AAPL,201011031140,309.63,309.67,309.05,309.24,231682
ROW: AAPL,201011031145,309.24,309.49,309.03,309.25,139956
TREND
ROW: AAPL,201011031155,309.69,309.87,309.57,309.65,86478
ROW: AAPL,201011031200,309.69,309.8,309.51,309.72,72230
TREND
ROW: AAPL,201011031210,309.55,309.8,309.4,309.58,82427
ROW: AAPL,201011031215,309.57,309.62,309.04,309.2,111773
TREND
ROW: AAPL,201011031235,309.78,309.94,309.53,309.6,79098
ROW: AAPL,201011031240,309.6,309.9,309.51,309.73,60429
TREND
ROW: AAPL,201011031250,310.14,310.2,309.71,309.97,81294
ROW: AAPL,201011031255,309.97,310.15,309.1,309.98,79168
TREND
ROW: AAPL,201011031315,310.36,310.71,310.36,310.55,192403
ROW: AAPL,201011031320,310.56,310.68,310.27,310.29,128039
ROW: AAPL,201011031325,310.29,310.44,310.2,310.43,57922
TREND
ROW: AAPL,201011031330,310.42,310.5,310.1,310.14,86073
ROW: AAPL,201011031335,310.14,310.28,309.1,309.99,161463
TREND
ROW: AAPL,201011031350,310,310.03,309.63,309.83,90617
ROW: AAPL,201011031355,309.83,310,309.1,309.95,57091
TREND
ROW: AAPL,201011031420,310.34,310.55,310.11,310.54,158263
ROW: AAPL,201011031425,310.51,310.52,309.21,309.83,140432
TREND
ROW: AAPL,201011031435,311.23,312.15,309.54,310.26,807015
ROW: AAPL,201011031440,310.29,310.5,309.05,309.27,488953
ROW: AAPL,201011031445,309.33,310.38,308.53,309.85,509157
TREND
ROW: AAPL,201011031530,312.37,312.88,312.36,312.76,336678
ROW: AAPL,201011031535,312.78,312.78,312.2,312.48,254425
ROW: AAPL,201011031540,312.48,312.54,312.15,312.21,201142
ROW: AAPL,201011031545,312.25,312.4,311.6,311.84,282079
TREND
ROW: AAPL,201011031645,313.27,313.35,313.24,313.24,1780
ROW: AAPL,201011031650,313.24,313.24,313.1,313.2,8575
TREND
ROW: AAPL,201011040915,315.98,316.09,315.9,316.05,8792
ROW: AAPL,201011040920,316.04,316.08,315.66,315.7,30313
ROW: AAPL,201011040925,315.76,315.8,315.53,315.6,5270
TREND
ROW: AAPL,201011040935,315.88,315.93,315.8,315.85,3965
ROW: AAPL,201011040940,315.82,315.89,315.47,315.55,47986
TREND
ROW: AAPL,201011041015,317.25,317.35,316.25,316.46,439530
ROW: AAPL,201011041020,316.48,316.62,316.21,316.5,266425
TREND
ROW: AAPL,201011041115,319.68,320.18,319.1,320.01,911113
ROW: AAPL,201011041120,320.02,320.06,318.64,318.69,792046
ROW: AAPL,201011041125,318.69,319.47,318.1,319.12,438268
TREND
ROW: AAPL,201011041155,318.86,319,318.59,318.7,215853
ROW: AAPL,201011041200,318.71,318.76,318.44,318.56,176139
TREND
ROW: AAPL,201011041205,318.58,320,318.52,318.67,172521
ROW: AAPL,201011041210,318.65,318.74,318.5,318.63,137095
ROW: AAPL,201011041215,318.6,318.65,318.19,318.24,243074
ROW: AAPL,201011041220,318.26,318.42,317.1,318.33,295680
TREND
ROW: AAPL,201011041225,318.31,318.43,318.12,318.38,182584
ROW: AAPL,201011041230,318.35,318.36,318,318.17,138880
TREND
ROW: AAPL,201011041255,318.75,318.87,318.42,318.58,172835
ROW: AAPL,201011041300,318.58,318.69,318.06,318.08,172686
TREND
ROW: AAPL,201011041320,318.65,318.96,318.65,318.82,180121
ROW: AAPL,201011041325,318.85,318.89,318.54,318.62,96072
TREND
ROW: AAPL,201011041345,318.81,318.9,318.52,318.56,148166
ROW: AAPL,201011041350,318.56,318.64,318.38,318.49,103413
TREND
ROW: AAPL,201011041355,318.46,318.81,318.43,318.74,81029
ROW: AAPL,201011041400,318.72,318.8,318.34,318.7,142578
TREND
ROW: AAPL,201011041405,318.67,318.75,318.45,318.45,96886
ROW: AAPL,201011041410,318.41,318.56,318.1,318.1,159138
ROW: AAPL,201011041415,318.1,318.3,317.1,317.94,231249
TREND
ROW: AAPL,201011041435,318.44,318.65,318.21,318.36,140689
ROW: AAPL,201011041440,318.37,318.4,318.06,318.34,106510
TREND
ROW: AAPL,201011041455,318.71,318.8,318.46,318.5,200695
ROW: AAPL,201011041500,318.52,318.57,318.09,318.2,152641
TREND
ROW: AAPL,201011041525,317.97,318.09,317.67,317.9,263605
ROW: AAPL,201011041530,317.9,317.9,317.3,317.4,324278
ROW: AAPL,201011041535,317.4,317.67,317,317.54,339454
TREND
ROW: AAPL,201011041555,317.68,317.85,317.48,317.6,243278
ROW: AAPL,201011041600,317.59,317.75,316.1,317,461273
TREND
ROW: AAPL,201011041630,317.71,317.78,317.65,317.75,13261
ROW: AAPL,201011041635,317.69,317.77,317.2,317.46,14750
ROW: AAPL,201011041640,317.38,317.38,316.85,317.07,27458
TREND
ROW: AAPL,201011041645,317.07,317.2,317.07,317.18,33973
ROW: AAPL,201011041650,317.16,317.18,316.8,316.8,15387
ROW: AAPL,201011041655,316.78,316.88,316.67,316.84,7801
TREND
ROW: AAPL,201011050920,318,318.09,317.95,317.95,2900
ROW: AAPL,201011050925,317.95,318,317.83,317.94,6339
ROW: AAPL,201011050930,317.9,317.91,317.6,317.85,2670
TREND
ROW: AAPL,201011050950,318.76,319.57,318.1,318.75,734970
ROW: AAPL,201011050955,318.79,318.89,317.55,317.62,395647
TREND
ROW: AAPL,201011051010,318.44,318.97,318.1,318.18,326726
ROW: AAPL,201011051015,318.11,318.5,317.1,317.93,168014
TREND
ROW: AAPL,201011051105,318.71,319,318.51,318.71,183734
ROW: AAPL,201011051110,318.68,318.99,318.21,318.21,125308
ROW: AAPL,201011051115,318.24,318.35,318.02,318.04,130153
ROW: AAPL,201011051120,318.02,318.1,317.1,318,195956
TREND
ROW: AAPL,201011051135,318.07,318.26,318.02,318.02,55581
ROW: AAPL,201011051140,318.03,318.08,317.96,318.02,11491
TREND
ROW: AAPL,201011051145,317.99,318.37,317.97,318.18,108857
ROW: AAPL,201011051150,318.18,318.18,317.1,317.91,153270
TREND
ROW: AAPL,201011051205,317.8,317.98,317.6,317.84,99413
ROW: AAPL,201011051210,317.83,317.89,317.5,317.56,101463
ROW: AAPL,201011051215,317.5,317.76,317.4,317.72,124869
TREND
ROW: AAPL,201011051255,318.11,318.22,317.95,317.96,65384
ROW: AAPL,201011051300,318.01,318.16,317.1,318.09,38247
TREND
ROW: AAPL,201011051330,318.4,318.6,318.37,318.53,80894
ROW: AAPL,201011051335,318.53,318.56,318.35,318.39,48811
TREND
ROW: AAPL,201011051345,318.4,318.5,318.35,318.4,83759
ROW: AAPL,201011051350,318.4,318.44,318.3,318.35,47739
TREND
ROW: AAPL,201011051355,318.33,318.48,318.32,318.45,25178
ROW: AAPL,201011051400,318.37,318.37,318.21,318.24,43482
TREND
ROW: AAPL,201011051405,318.22,318.37,318.11,318.25,75908
ROW: AAPL,201011051410,318.25,318.29,318.1,318.27,39217
TREND
ROW: AAPL,201011051415,318.23,318.33,317.98,317.99,77344
ROW: AAPL,201011051420,318,318.18,317.1,318.02,79023
TREND
ROW: AAPL,201011051430,317.9,317.9,317.4,317.43,213667
ROW: AAPL,201011051435,317.42,317.69,317.11,317.49,153311
TREND
ROW: AAPL,201011051500,317.98,318.17,317.89,317.93,73964
ROW: AAPL,201011051505,317.96,318.08,317.1,317.92,58668
TREND
ROW: AAPL,201011051545,317.76,317.87,317.6,317.71,183933
ROW: AAPL,201011051550,317.66,317.74,317.3,317.32,198485
ROW: AAPL,201011051555,317.32,317.36,317.16,317.16,48930
TREND
ROW: AAPL,201011051605,317.59,317.88,317.59,317.7,259912
ROW: AAPL,201011051610,317.71,317.74,316.1,316.96,765821
TREND
ROW: AAPL,201011080900,317.8,317.84,317.64,317.64,500
ROW: AAPL,201011080905,317.67,317.67,317.46,317.65,3925
TREND
ROW: AAPL,201011080930,317.85,317.85,317.8,317.81,1450
ROW: AAPL,201011080935,317.8,317.8,317.62,317.78,3018
ROW: AAPL,201011080940,317.72,317.72,317.5,317.5,8450
TREND
ROW: AAPL,201011081000,318.51,318.95,318.15,318.21,204708
ROW: AAPL,201011081005,318.26,318.36,317.1,317.91,263667
TREND
ROW: AAPL,201011081105,319.57,319.57,319.14,319.28,76416
ROW: AAPL,201011081110,319.28,319.29,318.1,319.02,114584
TREND
ROW: AAPL,201011081200,318.84,318.95,318.78,318.91,27259
ROW: AAPL,201011081205,318.88,318.92,318.75,318.89,36558
TREND
ROW: AAPL,201011081215,318.92,318.97,318.8,318.85,31024
ROW: AAPL,201011081220,318.85,318.9,318.7,318.74,53703
TREND
ROW: AAPL,201011081245,319.15,319.19,319.02,319.17,51989
ROW: AAPL,201011081250,319.17,319.17,318.96,319.03,29820
ROW: AAPL,201011081255,319.04,319.12,318.1,319.1,69232
TREND
ROW: AAPL,201011081300,319.07,319.13,319,319.02,27254
ROW: AAPL,201011081305,319.03,319.08,318.91,318.94,47502
TREND
ROW: AAPL,201011081315,319.03,319.03,319.03,319.03,1000
ROW: AAPL,201011081320,319,319,318.1,318.92,21145
TREND
ROW: AAPL,201011081350,318.9,319.2,318.88,318.91,79715
ROW: AAPL,201011081355,318.91,318.91,318.7,318.75,84375
TREND
ROW: AAPL,201011081445,318.86,318.9,318.66,318.66,90070
ROW: AAPL,201011081450,318.67,318.78,318.65,318.77,12925
TREND
ROW: AAPL,201011081500,318.85,318.96,318.74,318.81,38822
ROW: AAPL,201011081505,318.77,318.86,318.7,318.82,34394
ROW: AAPL,201011081510,318.82,318.82,318.55,318.63,95513
TREND
ROW: AAPL,201011081550,319.24,319.44,319.07,319.19,101865
ROW: AAPL,201011081555,319.17,319.32,319.02,319.29,117961
TREND
ROW: AAPL,201011081600,319.26,319.33,319,319.05,146355
ROW: AAPL,201011081605,319.08,319.15,318.63,318.82,273251
ROW: AAPL,201011081610,318.79,318.87,318.38,318.67,528207
ROW: AAPL,201011081615,318.64,318.85,318.35,318.75,582549
TREND
ROW: AAPL,201011081625,318.81,318.81,318.81,318.81,200
ROW: AAPL,201011081630,318.59,318.76,318.56,318.76,3561
ROW: AAPL,201011081635,318.7,318.7,318.41,318.5,4841
