=========UP TRENDS==========
TREND
ROW: AAPL,201010110905,294.81,294.9,294.8,294.85,7441
ROW: AAPL,201010110910,294.85,294.98,294.84,294.85,4268
TREND
ROW: AAPL,201010110925,294.64,294.84,294.5,294.77,12244
ROW: AAPL,201010110930,294.74,296.25,294.74,295.71,1024460
ROW: AAPL,201010110935,295.75,296.69,295.58,296.31,544871
TREND
ROW: AAPL,201010110950,295.45,295.89,295,295.83,369892
ROW: AAPL,201010110955,295.85,296.14,295.65,296.14,331917
ROW: AAPL,201010111000,296.11,296.57,296.04,296.2,406755
ROW: AAPL,201010111005,296.2,296.7,296.13,296.35,330723
TREND
ROW: AAPL,201010111010,296.35,296.36,295.9,296.07,282759
ROW: AAPL,201010111015,296.07,296.47,296,296.35,245214
ROW: AAPL,201010111020,296.35,296.87,296.31,296.83,386289
ROW: AAPL,201010111025,296.86,297.12,296.68,296.9,499939
TREND
ROW: AAPL,201010111035,296.4,296.55,296.3,296.49,146426
ROW: AAPL,201010111040,296.49,296.73,296.37,296.43,167136
TREND
ROW: AAPL,201010111050,295.75,295.97,295.6,295.75,187720
ROW: AAPL,201010111055,295.75,296.15,295.7,296.04,175859
ROW: AAPL,201010111100,296.02,296.3,295.87,296.12,121743
TREND
ROW: AAPL,201010111105,296.12,296.17,295.85,296.09,110676
ROW: AAPL,201010111110,296.1,296.27,295.9,296.16,152959
ROW: AAPL,201010111115,296.16,296.33,296,296.1,102585
ROW: AAPL,201010111120,296.02,296.46,296.02,296.32,103329
TREND
ROW: AAPL,201010111130,296.27,296.44,296.22,296.3,96513
ROW: AAPL,201010111135,296.3,296.62,296.25,296.5,163193
TREND
ROW: AAPL,201010111205,296.11,296.15,295.9,296.04,87150
ROW: AAPL,201010111210,296.01,296.33,295.98,296.29,76532
ROW: AAPL,201010111215,296.27,296.35,296.13,296.32,67645
ROW: AAPL,201010111220,296.35,296.37,296.15,296.31,57929
ROW: AAPL,201010111225,296.35,296.47,296.26,296.35,50145
TREND
ROW: AAPL,201010111230,296.34,296.53,296.26,296.43,62073
ROW: AAPL,201010111235,296.44,296.82,296.4,296.6,124242
TREND
ROW: AAPL,201010111250,296.4,296.49,296.28,296.38,69026
ROW: AAPL,201010111255,296.36,296.62,296.35,296.6,48036
ROW: AAPL,201010111300,296.6,296.64,296.4,296.56,61631
TREND
ROW: AAPL,201010111305,296.53,296.64,296.44,296.63,60521
ROW: AAPL,201010111310,296.63,296.76,296.56,296.72,77534
TREND
ROW: AAPL,201010111335,296.57,296.67,296.55,296.63,44837
ROW: AAPL,201010111340,296.64,296.74,296.57,296.74,46356
TREND
ROW: AAPL,201010111345,296.71,296.77,296.57,296.75,64625
ROW: AAPL,201010111350,296.72,296.93,296.67,296.91,166269
TREND
ROW: AAPL,201010111420,296.69,296.72,296.6,296.71,72978
ROW: AAPL,201010111425,296.71,296.74,296.65,296.73,42225
TREND
ROW: AAPL,201010111430,296.73,296.89,296.57,296.89,138851
ROW: AAPL,201010111435,296.88,297,296.84,296.98,199822
ROW: AAPL,201010111440,296.98,297.2,296.95,297.19,278415
TREND
ROW: AAPL,201010111540,295.19,295.32,294.6,295.3,435432
ROW: AAPL,201010111545,295.26,295.76,295.06,295.64,269115
TREND
ROW: AAPL,201010111555,295.52,295.53,295.11,295.36,375616
ROW: AAPL,201010111600,295.48,295.86,295.36,295.86,470020
TREND
ROW: AAPL,201010111605,295.84,295.84,295.36,295.75,9350
ROW: AAPL,201010111610,295.78,296.11,295.62,295.63,2460
TREND
ROW: AAPL,201010111615,295.61,295.65,295.55,295.65,3513
ROW: AAPL,201010111620,295.65,295.7,295.65,295.7,860
TREND
ROW: AAPL,201010111655,295.44,295.44,295.44,295.44,111
ROW: AAPL,201010120900,296.02,296.04,295.8,295.82,6858
TREND
ROW: AAPL,201010120910,295.85,296,295.76,295.86,5900
ROW: AAPL,201010120915,295.97,296.09,295.95,296.09,11372
TREND
ROW: AAPL,201010120930,295.41,296.25,294.8,295.8,678757
ROW: AAPL,201010120935,295.79,296.69,295.6,296.2,619514
TREND
ROW: AAPL,201010120950,293.48,293.88,292.49,293.4,892055
ROW: AAPL,201010120955,293.35,293.93,293.18,293.58,372383
ROW: AAPL,201010121000,293.58,294.55,293.5,294.37,469620
ROW: AAPL,201010121005,294.34,294.85,294.12,294.16,264177
TREND
ROW: AAPL,201010121010,294.13,295.17,294.1,295.13,260568
ROW: AAPL,201010121015,295.05,295.7,294.97,295.58,571948
ROW: AAPL,201010121020,295.55,295.75,295.33,295.34,270771
TREND
ROW: AAPL,201010121025,295.38,295.68,295.28,295.35,176014
ROW: AAPL,201010121030,295.35,295.9,295.33,295.78,219123
ROW: AAPL,201010121035,295.78,295.96,295.56,295.87,174197
ROW: AAPL,201010121040,295.86,296.18,295.75,296.03,258857
ROW: AAPL,201010121045,296.07,296.38,295.9,296.32,305025
ROW: AAPL,201010121050,296.28,296.97,296.23,296.87,422617
ROW: AAPL,201010121055,296.85,297.2,296.64,296.9,406478
TREND
ROW: AAPL,201010121100,296.89,297.1,296.58,296.87,264867
ROW: AAPL,201010121105,296.83,297.73,296.82,297.3,503664
TREND
ROW: AAPL,201010121120,296.94,297,296.7,296.87,112445
ROW: AAPL,201010121125,296.89,297.16,296.86,297.11,166144
TREND
ROW: AAPL,201010121130,297.11,297.15,296.88,296.97,120687
ROW: AAPL,201010121135,296.95,297.32,296.95,297.1,121061
TREND
ROW: AAPL,201010121145,296.78,296.8,296.56,296.72,105143
ROW: AAPL,201010121150,296.68,296.99,296.62,296.95,85318
ROW: AAPL,201010121155,296.95,297.13,296.87,297.04,109608
TREND
ROW: AAPL,201010121210,296.95,297,296.82,296.88,72321
ROW: AAPL,201010121215,296.91,297.2,296.9,297.2,95678
ROW: AAPL,201010121220,297.2,297.37,297,297.04,191809
TREND
ROW: AAPL,201010121230,296.88,297.08,296.73,297.08,108305
ROW: AAPL,201010121235,297.08,297.1,296.87,296.96,58558
TREND
ROW: AAPL,201010121310,296.92,296.99,296.86,296.96,29289
ROW: AAPL,201010121315,296.95,297.05,296.92,296.97,60384
TREND
ROW: AAPL,201010121340,296.86,296.91,296.61,296.75,110628
ROW: AAPL,201010121345,296.75,296.97,296.72,296.89,56686
ROW: AAPL,201010121350,296.89,297,296.83,296.93,49302
TREND
ROW: AAPL,201010121405,297.31,297.44,296.92,297.12,228342
ROW: AAPL,201010121410,297.11,297.54,297.06,297.43,285924
ROW: AAPL,201010121415,297.46,298.1,297.34,297.68,631807
TREND
ROW: AAPL,201010121435,296.64,297.19,296.59,296.86,117290
ROW: AAPL,201010121440,296.89,297.43,296.89,297.16,208983
ROW: AAPL,201010121445,297.2,297.55,297.19,297.31,149645
TREND
ROW: AAPL,201010121450,297.31,297.5,297.25,297.5,111075
ROW: AAPL,201010121455,297.47,297.66,297.33,297.62,148098
TREND
ROW: AAPL,201010121505,297.05,297.67,297,297.57,199521
ROW: AAPL,201010121510,297.59,297.78,297.53,297.68,220914
ROW: AAPL,201010121515,297.64,298.19,297.64,298.1,393052
ROW: AAPL,201010121520,298.08,298.64,298.05,298.58,418291
ROW: AAPL,201010121525,298.57,298.98,298.55,298.89,417514
TREND
ROW: AAPL,201010121535,298.7,298.88,298.55,298.8,251701
ROW: AAPL,201010121540,298.79,299.05,298.68,298.98,350155
ROW: AAPL,201010121545,299,299.49,298.96,299.46,499327
TREND
ROW: AAPL,201010121605,298.54,298.59,298.4,298.51,5206
ROW: AAPL,201010121610,298.52,298.6,298.5,298.6,1815
TREND
ROW: AAPL,201010121630,298.95,298.95,298.54,298.88,5838
ROW: AAPL,201010121635,298.9,299.19,298.88,299,10299
TREND
ROW: AAPL,201010121640,299,299,298.88,298.9,1773
ROW: AAPL,201010121645,298.99,299.1,298.91,299,3083
TREND
ROW: AAPL,201010121655,298.91,298.93,298.86,298.86,690
ROW: AAPL,201010130900,300.95,300.95,300.8,300.8,8050
TREND
ROW: AAPL,201010130915,300.77,300.77,300.4,300.61,10740
ROW: AAPL,201010130920,300.6,300.9,300.55,300.8,14473
TREND
ROW: AAPL,201010130930,300.2,300.79,300,300.34,1311609
ROW: AAPL,201010130935,300.36,300.96,300.15,300.43,663549
TREND
ROW: AAPL,201010130940,300.42,300.75,300.27,300.71,482136
ROW: AAPL,201010130945,300.7,301.72,300.63,301.7,750879
TREND
ROW: AAPL,201010131020,300.83,301.17,300.51,301.05,372836
ROW: AAPL,201010131025,301.05,301.33,300.97,301.1,223848
TREND
ROW: AAPL,201010131030,301.08,301.2,300.75,301.09,175336
ROW: AAPL,201010131035,301.05,301.29,301,301.13,206142
TREND
ROW: AAPL,201010131045,301,301.08,300.68,300.73,182393
ROW: AAPL,201010131050,300.75,301.09,300.71,301.09,184003
ROW: AAPL,201010131055,301.03,301.35,300.81,301.34,210605
ROW: AAPL,201010131100,301.32,301.45,301.15,301.41,240530
ROW: AAPL,201010131105,301.39,301.69,301.16,301.2,328466
TREND
ROW: AAPL,201010131115,301.24,301.44,301.2,301.43,149850
ROW: AAPL,201010131120,301.41,301.96,301.41,301.94,409057
TREND
ROW: AAPL,201010131145,301.23,301.3,301.11,301.3,105299
ROW: AAPL,201010131150,301.3,301.5,301.29,301.4,85796
TREND
ROW: AAPL,201010131220,301.27,301.4,301.16,301.36,104973
ROW: AAPL,201010131225,301.35,301.52,301.31,301.42,101022
TREND
ROW: AAPL,201010131315,300.13,300.33,300,300.25,308176
ROW: AAPL,201010131320,300.28,300.49,300.04,300.43,219556
ROW: AAPL,201010131325,300.41,300.5,300.29,300.37,165903
TREND
ROW: AAPL,201010131330,300.38,300.89,300.29,300.7,241387
ROW: AAPL,201010131335,300.7,301.1,300.57,301.06,157148
TREND
ROW: AAPL,201010131405,300.98,301.09,300.9,300.95,89105
ROW: AAPL,201010131410,300.97,301.19,300.95,301.15,156297
ROW: AAPL,201010131415,301.15,301.2,300.98,301.04,158907
TREND
ROW: AAPL,201010131425,300.68,300.78,300.48,300.74,195165
ROW: AAPL,201010131430,300.72,300.98,300.68,300.86,139934
TREND
ROW: AAPL,201010131450,299.86,300.35,299.8,300.16,356206
ROW: AAPL,201010131455,300.14,300.71,300.14,300.64,221652
ROW: AAPL,201010131500,300.63,300.8,300.28,300.4,239405
TREND
ROW: AAPL,201010131510,300.48,300.65,300.3,300.49,163814
ROW: AAPL,201010131515,300.49,300.88,300.45,300.81,227901
ROW: AAPL,201010131520,300.86,301.1,300.8,300.99,215287
TREND
ROW: AAPL,201010131615,300.23,300.33,300.2,300.23,4905
ROW: AAPL,201010131620,300.23,300.85,300.21,300.26,4550
TREND
ROW: AAPL,201010131635,300.1,300.14,300.1,300.14,400
ROW: AAPL,201010131640,300.15,300.19,300.15,300.16,1525
TREND
ROW: AAPL,201010131650,300.14,300.17,300.1,300.17,3500
ROW: AAPL,201010131655,300.15,301.11,300.15,301.11,1924659
ROW: AAPL,201010140900,302.27,302.31,301.77,302.01,27515
TREND
ROW: AAPL,201010140910,301.35,301.5,301.2,301.4,17288
ROW: AAPL,201010140915,301.44,301.62,301.37,301.55,4700
TREND
ROW: AAPL,201010140925,301.01,301.68,301,301.35,16570
ROW: AAPL,201010140930,301.69,301.93,301.03,301.33,742479
TREND
ROW: AAPL,201010140935,301.33,301.72,301.05,301.66,550582
ROW: AAPL,201010140940,301.68,302.12,301.41,301.92,638299
TREND
ROW: AAPL,201010140955,301.04,301.18,300.5,300.72,284203
ROW: AAPL,201010141000,300.72,301.5,300.6,301.34,310905
ROW: AAPL,201010141005,301.33,301.56,301.23,301.27,220832
TREND
ROW: AAPL,201010141010,301.32,301.77,301.14,301.53,297585
ROW: AAPL,201010141015,301.6,302.09,301.53,301.93,333402
ROW: AAPL,201010141020,301.94,302.21,301.75,302.06,281971
TREND
ROW: AAPL,201010141040,302.07,302.09,301.86,301.97,147060
ROW: AAPL,201010141045,302,302.34,301.96,302.28,221835
ROW: AAPL,201010141050,302.26,302.47,302.18,302.32,195187
TREND
ROW: AAPL,201010141125,301.57,301.85,301.45,301.79,151337
ROW: AAPL,201010141130,301.8,301.88,301.5,301.65,152319
TREND
ROW: AAPL,201010141150,301.46,301.72,301.42,301.7,124753
ROW: AAPL,201010141155,301.7,301.73,301.55,301.7,78376
ROW: AAPL,201010141200,301.68,301.92,301.62,301.83,152871
ROW: AAPL,201010141205,301.88,302,301.72,301.79,94694
TREND
ROW: AAPL,201010141230,301.37,301.46,300.88,301.38,210269
ROW: AAPL,201010141235,301.38,301.61,301.35,301.44,174806
TREND
ROW: AAPL,201010141245,301.27,301.37,301.16,301.26,96568
ROW: AAPL,201010141250,301.28,301.45,301.25,301.38,75320
ROW: AAPL,201010141255,301.38,301.55,301.34,301.36,81328
TREND
ROW: AAPL,201010141320,300.88,300.99,300.71,300.94,118871
ROW: AAPL,201010141325,300.96,301.24,300.94,301.17,95131
ROW: AAPL,201010141330,301.18,301.48,300.96,301.45,146867
ROW: AAPL,201010141335,301.42,301.68,301.31,301.62,145951
TREND
ROW: AAPL,201010141405,301.38,301.43,301.17,301.3,69202
ROW: AAPL,201010141410,301.35,301.46,301.24,301.41,64113
TREND
ROW: AAPL,201010141445,301.09,301.14,300.8,301.11,149620
ROW: AAPL,201010141450,301.13,301.24,301.04,301.19,83779
TREND
ROW: AAPL,201010141500,300.95,300.96,300.65,300.84,192060
ROW: AAPL,201010141505,300.82,301.15,300.78,301.04,99674
ROW: AAPL,201010141510,301.07,301.39,300.94,301.34,168226
ROW: AAPL,201010141515,301.34,301.41,301.12,301.28,85387
ROW: AAPL,201010141520,301.32,301.6,301.3,301.48,173186
TREND
ROW: AAPL,201010141530,301.37,301.56,301.36,301.44,122328
ROW: AAPL,201010141535,301.45,301.8,301.41,301.71,215143
TREND
ROW: AAPL,201010141540,301.66,301.79,301.55,301.74,129988
ROW: AAPL,201010141545,301.73,301.88,301.7,301.82,218140
ROW: AAPL,201010141550,301.86,302,301.81,301.97,260825
ROW: AAPL,201010141555,302,302.3,301.95,302.27,522051
ROW: AAPL,201010141600,302.25,303.82,302.2,303.8,406033
TREND
ROW: AAPL,201010141610,303.5,304.25,301.8,304.13,29057
ROW: AAPL,201010141615,304.19,304.41,304,304.3,41948
TREND
ROW: AAPL,201010141620,304.3,304.37,304.1,304.15,14205
ROW: AAPL,201010141625,304.25,304.74,304.25,304.71,25299
ROW: AAPL,201010141630,304.74,305.4,304.7,305.1,34899
TREND
ROW: AAPL,201010141645,304.99,305.15,300.14,305.09,41775
ROW: AAPL,201010141650,305.13,305.33,304.94,305.33,9915
ROW: AAPL,201010141655,305.36,305.4,305.2,305.24,8407
ROW: AAPL,201010150900,305.9,306,305.26,305.95,40927
ROW: AAPL,201010150905,305.94,306.87,305.93,306.8,49084
ROW: AAPL,201010150910,306.81,307.25,306.81,306.94,33874
TREND
ROW: AAPL,201010150940,305.08,305.9,304.91,305.71,706391
ROW: AAPL,201010150945,305.71,306.2,305.5,305.87,493200
ROW: AAPL,201010150950,305.92,306.5,305.86,306.42,472134
ROW: AAPL,201010150955,306.42,307.08,306.18,306.92,627353
TREND
ROW: AAPL,201010151005,305.74,306.35,305.25,305.95,538456
ROW: AAPL,201010151010,305.91,306.87,305.9,306.53,449272
TREND
ROW: AAPL,201010151030,306.41,306.44,305.92,306.35,261385
ROW: AAPL,201010151035,306.38,306.6,306.19,306.55,289496
ROW: AAPL,201010151040,306.56,306.94,306.5,306.89,258785
ROW: AAPL,201010151045,306.93,307.08,306.72,306.81,315246
TREND
ROW: AAPL,201010151050,306.8,307.22,306.72,307.19,247991
ROW: AAPL,201010151055,307.2,307.81,307.07,307.68,508579
ROW: AAPL,201010151100,307.68,307.87,307.42,307.51,275776
TREND
ROW: AAPL,201010151105,307.5,308.09,307.3,308,406786
ROW: AAPL,201010151110,308,308.93,308,308.81,563119
ROW: AAPL,201010151115,308.81,309.55,308.81,309,758645
TREND
ROW: AAPL,201010151120,309,309.05,308.34,308.81,518364
ROW: AAPL,201010151125,308.8,309.43,308.75,309.43,438581
ROW: AAPL,201010151130,309.42,310.2,309.42,310.14,793073
ROW: AAPL,201010151135,310.11,310.47,309.62,309.64,554104
TREND
ROW: AAPL,201010151140,309.64,310.09,309.59,309.87,402901
ROW: AAPL,201010151145,309.86,310.16,309.65,309.84,304625
TREND
ROW: AAPL,201010151210,309.17,309.49,309.1,309.42,144255
ROW: AAPL,201010151215,309.4,310.05,309.3,309.86,237893
ROW: AAPL,201010151220,309.95,310.1,309.72,309.88,233888
TREND
ROW: AAPL,201010151225,309.87,309.94,309.53,309.74,151969
ROW: AAPL,201010151230,309.72,310,309.64,309.78,170087
TREND
ROW: AAPL,201010151235,309.79,309.9,309.5,309.85,212210
ROW: AAPL,201010151240,309.84,310,309.71,309.93,146153
TREND
ROW: AAPL,201010151255,309.59,309.67,309.37,309.42,201972
ROW: AAPL,201010151300,309.42,309.75,309.4,309.63,122254
ROW: AAPL,201010151305,309.6,309.88,309.54,309.8,114387
TREND
ROW: AAPL,201010151320,309.64,309.83,309.6,309.74,93797
ROW: AAPL,201010151325,309.77,310.04,309.74,309.95,162456
ROW: AAPL,201010151330,309.99,310.15,309.85,309.92,201754
ROW: AAPL,201010151335,309.93,310.26,309.93,310.13,230886
TREND
ROW: AAPL,201010151345,309.86,310.07,309.6,310.07,184282
ROW: AAPL,201010151350,310.01,310.23,309.98,310.02,253440
TREND
ROW: AAPL,201010151400,310.16,310.19,309.75,309.99,153896
ROW: AAPL,201010151405,309.96,310.24,309.87,310.17,234040
TREND
ROW: AAPL,201010151420,310.12,310.2,310.05,310.16,102939
ROW: AAPL,201010151425,310.17,310.24,310.1,310.15,135719
ROW: AAPL,201010151430,310.17,310.53,310.11,310.44,369953
ROW: AAPL,201010151435,310.43,310.87,310.4,310.8,409759
TREND
ROW: AAPL,201010151445,310.51,310.75,310.5,310.7,139718
ROW: AAPL,201010151450,310.72,310.87,310.64,310.8,242069
TREND
ROW: AAPL,201010151510,310.37,310.45,310.15,310.3,292776
ROW: AAPL,201010151515,310.31,310.67,310.23,310.54,258361
ROW: AAPL,201010151520,310.54,310.68,310.47,310.63,209743
ROW: AAPL,201010151525,310.63,310.75,310.59,310.67,195660
ROW: AAPL,201010151530,310.68,311.1,310.6,311.1,497650
ROW: AAPL,201010151535,311.07,312.26,311.04,312.02,891266
TREND
ROW: AAPL,201010151545,311.84,312.15,311.7,312.14,678273
ROW: AAPL,201010151550,312.15,313.79,312.14,313.73,1310639
ROW: AAPL,201010151555,313.72,315,313.5,314.97,1648469
TREND
ROW: AAPL,201010151600,315,315,314.5,314.89,728846
ROW: AAPL,201010151605,314.89,315.47,314.8,315.08,39858
TREND
ROW: AAPL,201010151615,314.91,315.01,314.84,314.92,16691
ROW: AAPL,201010151620,314.9,315.35,314.87,315.24,18482
TREND
ROW: AAPL,201010151625,315.12,315.3,315.12,315.3,3370
ROW: AAPL,201010151630,315.25,315.47,315.21,315.4,8458
ROW: AAPL,201010151635,315.33,315.65,315.32,315.45,9671
TREND
ROW: AAPL,201010151640,315.55,315.74,315,315.74,29001
ROW: AAPL,201010151645,315.66,315.8,315.63,315.75,11548
TREND
ROW: AAPL,201010151655,315.67,315.9,315.6,315.9,33800
ROW: AAPL,201010180900,318.75,318.85,318.52,318.59,23242
TREND
ROW: AAPL,201010180905,318.59,318.65,318.4,318.46,30980
ROW: AAPL,201010180910,318.48,318.7,318.48,318.64,31640
TREND
ROW: AAPL,201010180935,316.57,316.71,314.29,315.98,1960196
ROW: AAPL,201010180940,315.98,317.41,315.82,317.06,1319128
ROW: AAPL,201010180945,317.06,318.44,317.01,318.27,908278
TREND
ROW: AAPL,201010181010,316.9,317.17,316.52,316.93,529570
ROW: AAPL,201010181015,316.92,317.9,316.89,317.03,578698
TREND
ROW: AAPL,201010181055,316.62,316.8,316.31,316.75,206358
ROW: AAPL,201010181100,316.78,316.95,316.6,316.81,276902
TREND
ROW: AAPL,201010181115,316.31,316.38,316.07,316.17,282174
ROW: AAPL,201010181120,316.16,316.95,316.14,316.78,279899
TREND
ROW: AAPL,201010181155,316.02,316.29,315.94,316.29,333222
ROW: AAPL,201010181200,316.29,316.63,316.14,316.55,252829
ROW: AAPL,201010181205,316.53,316.75,316.41,316.58,174226
TREND
ROW: AAPL,201010181210,316.58,316.62,316.4,316.5,162057
ROW: AAPL,201010181215,316.5,316.77,316.47,316.61,200128
TREND
ROW: AAPL,201010181305,315.37,315.63,315.08,315.41,339142
ROW: AAPL,201010181310,315.43,315.7,315.31,315.59,256720
ROW: AAPL,201010181315,315.6,315.9,315.56,315.76,239554
TREND
ROW: AAPL,201010181400,314.55,315.43,314.37,315.21,418313
ROW: AAPL,201010181405,315.21,315.74,314.77,315.08,312087
TREND
ROW: AAPL,201010181410,315.06,315.5,314.96,315.38,281006
ROW: AAPL,201010181415,315.39,316.3,315.29,315.96,538663
TREND
ROW: AAPL,201010181440,315.63,315.92,315.44,315.78,240321
ROW: AAPL,201010181445,315.78,316.21,315.78,316.21,256588
TREND
ROW: AAPL,201010181455,315.83,315.98,315.43,315.55,341879
ROW: AAPL,201010181500,315.55,316.05,315.55,316,246323
ROW: AAPL,201010181505,316,316.74,315.96,316.65,413975
ROW: AAPL,201010181510,316.68,316.78,316.48,316.61,319679
TREND
ROW: AAPL,201010181515,316.58,316.78,316.36,316.47,352943
ROW: AAPL,201010181520,316.46,317,316.43,316.92,395195
ROW: AAPL,201010181525,317,317.2,316.83,317.14,415925
ROW: AAPL,201010181530,317.16,317.82,317.14,317.74,541458
ROW: AAPL,201010181535,317.69,317.88,317.21,317.23,579809
TREND
ROW: AAPL,201010181540,317.24,317.76,317.16,317.61,524124
ROW: AAPL,201010181545,317.61,317.79,317.4,317.76,627441
ROW: AAPL,201010181550,317.75,318.2,317.75,317.9,983230
TREND
ROW: AAPL,201010181610,315.92,316.62,315.69,316.62,28018
ROW: AAPL,201010181615,316.6,317.24,316.02,316.43,26365
TREND
ROW: AAPL,201010181625,316.26,316.5,316.2,316.2,7891
ROW: AAPL,201010181630,317.9,317.9,317.9,317.9,2700
TREND
ROW: AAPL,201010181655,298.32,298.93,295.28,297.85,724612
ROW: AAPL,201010190900,305.12,305.16,303.37,303.4,151192
TREND
ROW: AAPL,201010190905,303.41,303.75,302.56,303.4,158221
ROW: AAPL,201010190910,303.25,304.14,303.23,303.42,70795
TREND
ROW: AAPL,201010190930,303.4,304.8,300.02,304.51,2934926
ROW: AAPL,201010190935,304.43,307.9,304.43,307.55,2154300
TREND
ROW: AAPL,201010190950,306.08,306.45,305.37,306.19,948544
ROW: AAPL,201010190955,306.2,308,305.99,307.5,1175233
ROW: AAPL,201010191000,307.53,309.75,306.62,309.69,1483933
ROW: AAPL,201010191005,309.75,311.07,308.33,311.06,1537297
ROW: AAPL,201010191010,311,312.21,310.7,310.92,1508279
ROW: AAPL,201010191015,310.86,313,310.77,311.66,1141632
TREND
ROW: AAPL,201010191020,311.64,312.33,311.33,311.89,738159
ROW: AAPL,201010191025,311.9,312.45,311.45,312.01,744540
ROW: AAPL,201010191030,312.11,313.77,312.02,312.99,894556
TREND
ROW: AAPL,201010191045,311.47,312.21,311.4,312.13,292088
ROW: AAPL,201010191050,312.14,312.91,311.8,312.1,427239
TREND
ROW: AAPL,201010191110,309.59,310.17,309.55,309.92,486667
ROW: AAPL,201010191115,309.9,310.45,309.65,310.2,292554
TREND
ROW: AAPL,201010191125,309.77,310.1,309.65,309.9,280581
ROW: AAPL,201010191130,309.88,310.25,309.85,310.11,248516
ROW: AAPL,201010191135,310.1,311.16,310.01,311.04,398041
ROW: AAPL,201010191140,311.03,311.55,310.93,311.31,301110
ROW: AAPL,201010191145,311.34,311.89,311.25,311.61,386983
TREND
ROW: AAPL,201010191150,311.6,311.64,311.02,311.34,257794
ROW: AAPL,201010191155,311.32,312.36,311.26,311.72,342147
TREND
ROW: AAPL,201010191200,311.78,312.25,311.75,312.18,211034
ROW: AAPL,201010191205,312.16,312.7,311.93,311.93,370736
TREND
ROW: AAPL,201010191210,311.92,312.33,311.6,312.15,227522
ROW: AAPL,201010191215,312.14,312.49,311.69,311.76,193229
TREND
ROW: AAPL,201010191235,311.3,311.58,311.07,311.46,193755
ROW: AAPL,201010191240,311.48,312.22,311.38,312.08,198753
TREND
ROW: AAPL,201010191250,311.87,311.93,311.39,311.81,147707
ROW: AAPL,201010191255,311.82,312.12,311.57,312.07,200330
TREND
ROW: AAPL,201010191335,310.32,310.68,310.03,310.6,211119
ROW: AAPL,201010191340,310.55,310.7,310.38,310.53,179969
TREND
ROW: AAPL,201010191405,306.84,308.29,306.84,307.88,690640
ROW: AAPL,201010191410,307.8,308.51,307.4,308.3,405677
ROW: AAPL,201010191415,308.34,308.71,307.94,308.33,338607
TREND
ROW: AAPL,201010191430,307.91,309,307.57,308.99,358293
ROW: AAPL,201010191435,308.97,309.21,308.34,308.58,383821
TREND
ROW: AAPL,201010191440,308.58,308.78,308.18,308.75,157433
ROW: AAPL,201010191445,308.75,309.55,308.53,309.28,287544
ROW: AAPL,201010191450,309.28,309.73,309.06,309.33,335937
TREND
ROW: AAPL,201010191515,307.85,308.45,307.77,308.21,245787
ROW: AAPL,201010191520,308.17,308.75,307.82,308.25,239522
TREND
ROW: AAPL,201010191530,307.37,307.52,306.32,307.06,652165
ROW: AAPL,201010191535,307,308.1,306.94,307.75,366235
TREND
ROW: AAPL,201010191540,307.76,307.89,307,307.49,336176
ROW: AAPL,201010191545,307.45,308.25,307.24,308.04,422404
ROW: AAPL,201010191550,308.09,308.59,307.73,308.57,436004
ROW: AAPL,201010191555,308.56,309.65,308.55,309.65,842418
ROW: AAPL,201010191600,309.5,309.69,309.44,309.48,217942
TREND
ROW: AAPL,201010191655,308.61,308.7,308.32,308.7,2704
ROW: AAPL,201010200900,308.77,309.06,308.77,309.06,9887
ROW: AAPL,201010200905,308.95,309.07,308.89,309,4000
ROW: AAPL,201010200910,308.95,309.36,308.9,309.18,9013
TREND
ROW: AAPL,201010200920,308.9,308.9,308.53,308.7,14606
ROW: AAPL,201010200925,308.79,309.25,308.7,308.99,11017
ROW: AAPL,201010200930,309,310.8,308.76,310.11,895222
TREND
ROW: AAPL,201010200940,308.21,309.99,308.01,309.8,561224
ROW: AAPL,201010200945,309.84,310,308.36,308.58,472798
TREND
ROW: AAPL,201010200955,308.4,309.02,308.38,308.88,355100
ROW: AAPL,201010201000,308.9,309.21,308.56,308.73,348362
TREND
ROW: AAPL,201010201015,307.77,307.82,307.3,307.59,304528
ROW: AAPL,201010201020,307.51,308.24,307.51,308.12,340140
ROW: AAPL,201010201025,308.09,308.5,308.05,308.35,230573
ROW: AAPL,201010201030,308.32,308.93,308.26,308.85,307496
TREND
ROW: AAPL,201010201040,307.9,308.96,307.9,308.75,240018
ROW: AAPL,201010201045,308.81,309.85,308.72,309.68,504323
ROW: AAPL,201010201050,309.69,310.17,309.44,309.81,461194
TREND
ROW: AAPL,201010201105,309.41,309.93,309.15,309.93,268331
ROW: AAPL,201010201110,309.95,310.15,309.63,309.9,265608
ROW: AAPL,201010201115,309.86,310.8,309.75,310.74,284888
ROW: AAPL,201010201120,310.74,311.37,310.52,311.2,456004
ROW: AAPL,201010201125,311.21,312.12,311,311.57,612698
ROW: AAPL,201010201130,311.54,312.15,311.52,311.76,297412
ROW: AAPL,201010201135,311.76,312.5,311.66,312.5,367327
ROW: AAPL,201010201140,312.5,312.87,312.3,312.72,357742
ROW: AAPL,201010201145,312.69,313.5,312.63,312.85,504242
TREND
ROW: AAPL,201010201155,313.05,313.05,312.33,312.49,250211
ROW: AAPL,201010201200,312.46,313.31,312.4,313.17,272144
ROW: AAPL,201010201205,313.13,313.62,313.05,313.18,345178
ROW: AAPL,201010201210,313.17,314.25,313.17,313.94,421155
TREND
ROW: AAPL,201010201240,313.23,313.25,312.6,312.79,242582
ROW: AAPL,201010201245,312.78,313.3,312.71,313.21,152466
TREND
ROW: AAPL,201010201255,312.86,312.87,312.6,312.82,160131
ROW: AAPL,201010201300,312.82,313.27,312.75,313.06,184088
TREND
ROW: AAPL,201010201310,312.94,312.94,312.05,312.52,345902
ROW: AAPL,201010201315,312.53,313.09,312.48,312.71,172158
ROW: AAPL,201010201320,312.7,313.44,312.69,313.39,183310
TREND
ROW: AAPL,201010201410,311.32,312.44,311.2,311.96,468030
ROW: AAPL,201010201415,311.96,312.68,311.83,312.41,345300
TREND
ROW: AAPL,201010201430,311.97,312.47,311.71,312.36,273778
ROW: AAPL,201010201435,312.41,312.52,312.11,312.36,195786
ROW: AAPL,201010201440,312.32,312.7,312.15,312.63,268293
TREND
ROW: AAPL,201010201455,312.25,312.4,311.7,312.26,248864
ROW: AAPL,201010201500,312.26,312.5,312.04,312.19,165225
TREND
ROW: AAPL,201010201505,312.18,312.36,311.71,312.21,324058
ROW: AAPL,201010201510,312.23,312.37,312,312.16,161792
ROW: AAPL,201010201515,312.16,312.5,312.14,312.44,196801
ROW: AAPL,201010201520,312.45,312.75,312.4,312.58,290290
ROW: AAPL,201010201525,312.61,312.88,312.51,312.88,207808
ROW: AAPL,201010201530,312.86,312.92,312.62,312.68,225752
TREND
ROW: AAPL,201010201605,310.43,310.5,310.15,310.48,6652
ROW: AAPL,201010201610,310.56,310.59,310.48,310.48,1100
TREND
ROW: AAPL,201010201615,310.5,310.74,310.4,310.74,4766
ROW: AAPL,201010201620,310.7,310.78,310.56,310.56,4648
TREND
ROW: AAPL,201010201625,310.66,310.7,310.55,310.66,4331
ROW: AAPL,201010201630,310.65,310.9,310.65,310.83,8184
ROW: AAPL,201010201635,310.83,311.06,310.8,311.06,3616
ROW: AAPL,201010201640,311.09,311.18,311.06,311.1,3500
TREND
ROW: AAPL,201010201645,311.14,311.15,311.14,311.15,478
ROW: AAPL,201010201650,311.19,311.26,311.15,311.26,2730
TREND
ROW: AAPL,201010201655,311.24,311.24,311.09,311.09,4605
ROW: AAPL,201010210900,313.16,313.19,312.8,312.82,9666
TREND
ROW: AAPL,201010210910,312.66,312.84,312.58,312.82,6913
ROW: AAPL,201010210915,312.79,313,312.7,312.98,5530
TREND
ROW: AAPL,201010210930,312.36,312.44,311.12,311.83,718291
ROW: AAPL,201010210935,311.82,313.12,311.51,312.97,624766
ROW: AAPL,201010210940,312.95,314.74,312.88,313.94,924027
TREND
ROW: AAPL,201010210950,313.76,313.82,313.09,313.4,304320
ROW: AAPL,201010210955,313.33,313.95,313.28,313.71,217681
TREND
ROW: AAPL,201010211000,313.59,313.66,312.6,313.2,434762
ROW: AAPL,201010211005,313.19,314.3,312.83,314.14,483413
TREND
ROW: AAPL,201010211020,313.16,313.47,312.9,313.34,199358
ROW: AAPL,201010211025,313.43,313.5,312.92,313.15,256036
TREND
ROW: AAPL,201010211055,312.68,312.88,312.62,312.85,100280
ROW: AAPL,201010211100,312.83,313.25,312.81,313,214506
TREND
ROW: AAPL,201010211125,311.85,311.94,311.44,311.76,290779
ROW: AAPL,201010211130,311.74,312.23,311.72,312.06,122607
TREND
ROW: AAPL,201010211150,310.75,310.8,310.41,310.7,136581
ROW: AAPL,201010211155,310.67,311.2,310.62,311.06,202571
TREND
ROW: AAPL,201010211205,310.85,311,310.6,310.93,91833
ROW: AAPL,201010211210,310.93,311.13,310.73,310.8,77357
TREND
ROW: AAPL,201010211240,309.22,309.86,309.01,309.74,232602
ROW: AAPL,201010211245,309.75,310,309.5,309.96,150046
ROW: AAPL,201010211250,310,310.55,309.9,310.26,196265
TREND
ROW: AAPL,201010211255,310.26,310.45,310.13,310.2,86100
ROW: AAPL,201010211300,310.2,310.82,310.2,310.78,119159
TREND
ROW: AAPL,201010211400,307.47,307.95,306.8,307.84,520861
ROW: AAPL,201010211405,307.85,308.2,307.59,308.05,304669
TREND
ROW: AAPL,201010211420,308.06,308.1,307.51,307.59,139124
ROW: AAPL,201010211425,307.6,308.44,307.6,307.96,221152
ROW: AAPL,201010211430,307.96,308.58,307.9,308.3,182094
TREND
ROW: AAPL,201010211450,308.45,308.85,308.04,308.82,187407
ROW: AAPL,201010211455,308.81,309.15,308.72,309.03,218462
ROW: AAPL,201010211500,309.07,309.36,308.92,309.19,145859
TREND
ROW: AAPL,201010211510,308.84,309,308.5,309,150508
ROW: AAPL,201010211515,308.91,309.85,308.91,309.66,281346
ROW: AAPL,201010211520,309.69,309.95,309.51,309.95,223848
TREND
ROW: AAPL,201010211555,309.27,309.52,308.6,309.39,536087
ROW: AAPL,201010211600,309.5,310.27,308.8,308.8,355172
TREND
ROW: AAPL,201010211615,308.6,309.09,308.52,309,4796
ROW: AAPL,201010211620,309,309.17,308.9,309.05,3772
TREND
ROW: AAPL,201010211635,308.85,308.85,308.85,308.85,470
ROW: AAPL,201010211640,308.88,308.88,308.88,308.88,300
TREND
ROW: AAPL,201010211655,308.65,308.65,308.3,308.3,3655
ROW: AAPL,201010220900,309,309.75,308.82,309.58,14261
ROW: AAPL,201010220905,309.64,309.77,309.5,309.54,12409
ROW: AAPL,201010220910,309.55,310.28,309.55,309.67,40228
TREND
ROW: AAPL,201010220930,309.07,309.25,307.83,308.64,676733
ROW: AAPL,201010220935,308.64,309.87,308.1,309.87,329230
ROW: AAPL,201010220940,309.77,310.04,309.43,309.57,390451
TREND
ROW: AAPL,201010221015,307.87,307.88,307.13,307.67,239119
ROW: AAPL,201010221020,307.59,308,307.3,307.62,206037
TREND
ROW: AAPL,201010221025,307.62,308,307.61,307.9,167467
ROW: AAPL,201010221030,307.9,308.74,307.83,308.71,228688
TREND
ROW: AAPL,201010221040,308.35,308.56,308.2,308.42,85714
ROW: AAPL,201010221045,308.35,308.82,308.3,308.72,126148
ROW: AAPL,201010221050,308.74,309.1,308.63,309.1,184824
ROW: AAPL,201010221055,309.09,309.59,308.9,309.14,262163
TREND
ROW: AAPL,201010221100,309.1,309.48,308.79,309.47,160066
ROW: AAPL,201010221105,309.47,309.5,308.88,308.9,150907
TREND
ROW: AAPL,201010221115,308.48,308.79,308.2,308.75,156919
ROW: AAPL,201010221120,308.72,308.84,308.38,308.43,92399
TREND
ROW: AAPL,201010221125,308.41,308.47,308.26,308.44,107073
ROW: AAPL,201010221130,308.47,308.97,308.43,308.97,153345
ROW: AAPL,201010221135,308.95,309.26,308.85,309.06,104105
TREND
ROW: AAPL,201010221200,308.21,308.5,308.1,308.46,138450
ROW: AAPL,201010221205,308.41,308.53,308.29,308.39,113020
TREND
ROW: AAPL,201010221215,308.24,308.33,308.19,308.27,63056
ROW: AAPL,201010221220,308.32,308.61,308.26,308.59,118836
ROW: AAPL,201010221225,308.55,308.74,308.47,308.66,131377
TREND
ROW: AAPL,201010221310,308.22,308.24,308,308.17,75964
ROW: AAPL,201010221315,308.13,308.33,308.09,308.27,88793
TREND
ROW: AAPL,201010221350,307.67,307.83,307.5,307.76,164261
ROW: AAPL,201010221355,307.77,307.85,307.6,307.61,110359
TREND
ROW: AAPL,201010221405,307.54,308,307.5,307.91,128113
ROW: AAPL,201010221410,307.95,308.24,307.91,307.98,99138
TREND
ROW: AAPL,201010221415,307.97,308.14,307.93,308.1,67928
ROW: AAPL,201010221420,308.12,308.41,308.1,308.35,125754
ROW: AAPL,201010221425,308.33,309,308.14,308.92,217363
TREND
ROW: AAPL,201010221440,308.64,308.76,308.41,308.7,92736
ROW: AAPL,201010221445,308.7,308.9,308.56,308.7,96855
TREND
ROW: AAPL,201010221515,307.93,308,307.63,307.87,95320
ROW: AAPL,201010221520,307.87,308.1,307.81,307.85,121843
TREND
ROW: AAPL,201010221540,307.61,307.65,307.36,307.37,252983
ROW: AAPL,201010221545,307.37,307.75,307.37,307.61,200321
ROW: AAPL,201010221550,307.63,307.94,307.58,307.65,267597
TREND
ROW: AAPL,201010221605,307.35,307.5,307.35,307.48,6063
ROW: AAPL,201010221610,307.41,307.63,307.4,307.57,9256
ROW: AAPL,201010221615,307.56,307.8,307.42,307.49,16241
TREND
ROW: AAPL,201010221630,307.51,307.55,307.5,307.51,4545
ROW: AAPL,201010221635,307.56,307.56,307.51,307.51,1564
TREND
ROW: AAPL,201010221655,307.5,307.5,307.47,307.47,1280
ROW: AAPL,201010250900,308.84,308.9,308.81,308.88,1900
ROW: AAPL,201010250905,308.88,309.14,308.88,308.91,10350
TREND
ROW: AAPL,201010250920,308.81,309,308.81,308.93,2200
ROW: AAPL,201010250925,308.93,309.14,308.89,309.14,11480
TREND
ROW: AAPL,201010250930,309.09,309.97,308.44,309.91,690728
ROW: AAPL,201010250935,309.88,311.08,309.88,311.08,749469
ROW: AAPL,201010250940,311.08,311.6,310.45,310.71,607037
TREND
ROW: AAPL,201010251005,310.51,310.99,310.25,310.65,254285
ROW: AAPL,201010251010,310.64,311.08,310.56,310.63,236739
TREND
ROW: AAPL,201010251015,310.63,310.95,310.3,310.62,265331
ROW: AAPL,201010251020,310.62,311.29,310.39,311.03,432409
ROW: AAPL,201010251025,311.02,311.36,311.02,311.07,293351
TREND
ROW: AAPL,201010251050,309.98,310.06,309.61,310.05,150046
ROW: AAPL,201010251055,310.06,310.2,309.77,309.77,166022
TREND
ROW: AAPL,201010251105,309.33,309.65,309.03,309.56,195488
ROW: AAPL,201010251110,309.55,309.86,309.41,309.79,134256
TREND
ROW: AAPL,201010251115,309.79,310,309.35,309.86,140704
ROW: AAPL,201010251120,309.86,310.06,309.58,310.04,75191
ROW: AAPL,201010251125,310.01,310.2,309.93,310.12,137495
ROW: AAPL,201010251130,310.09,310.31,310.09,310.27,113328
ROW: AAPL,201010251135,310.26,310.41,310.16,310.32,89574
TREND
ROW: AAPL,201010251205,309.88,309.98,309.56,309.97,92774
ROW: AAPL,201010251210,309.93,310.04,309.86,309.89,56499
TREND
ROW: AAPL,201010251230,309.79,309.86,309.61,309.73,34459
ROW: AAPL,201010251235,309.74,310,309.73,309.92,55197
ROW: AAPL,201010251240,309.93,310.19,309.78,310.14,100210
ROW: AAPL,201010251245,310.16,310.29,309.92,310,49823
TREND
ROW: AAPL,201010251250,309.99,310.06,309.78,309.92,43466
ROW: AAPL,201010251255,309.93,310.09,309.8,309.82,35898
TREND
ROW: AAPL,201010251300,309.8,310.1,309.73,310.06,51856
ROW: AAPL,201010251305,310.06,310.2,309.95,310.13,46403
ROW: AAPL,201010251310,310.13,310.24,309.99,309.99,42952
TREND
ROW: AAPL,201010251315,310.02,310.22,309.86,310.07,48826
ROW: AAPL,201010251320,310.1,310.3,310.04,310.23,50909
ROW: AAPL,201010251325,310.23,310.5,310.13,310.18,74284
TREND
ROW: AAPL,201010251335,310.17,310.36,310.17,310.29,41631
ROW: AAPL,201010251340,310.29,310.63,310.26,310.6,135938
ROW: AAPL,201010251345,310.6,310.71,310.47,310.64,104427
TREND
ROW: AAPL,201010251355,310.42,310.54,310.23,310.45,82801
ROW: AAPL,201010251400,310.45,310.55,310.32,310.36,66331
ROW: AAPL,201010251405,310.41,310.65,310.34,310.65,60882
ROW: AAPL,201010251410,310.64,310.7,310.49,310.58,91403
TREND
ROW: AAPL,201010251450,309.93,310.3,309.91,310.27,121700
ROW: AAPL,201010251455,310.27,310.33,310.2,310.23,98697
TREND
ROW: AAPL,201010251515,309.58,309.93,309.57,309.86,148598
ROW: AAPL,201010251520,309.88,310.17,309.8,309.96,195939
ROW: AAPL,201010251525,309.98,310.25,309.92,310.01,183823
TREND
ROW: AAPL,201010251605,308.84,308.84,308.66,308.8,1450
ROW: AAPL,201010251610,308.84,308.86,308.81,308.85,51081
TREND
ROW: AAPL,201010251630,308.69,308.7,308.62,308.69,5300
ROW: AAPL,201010251635,308.69,308.84,308.66,308.68,1870
TREND
ROW: AAPL,201010251645,308.67,308.7,308.67,308.7,600
ROW: AAPL,201010251650,308.7,308.77,308.7,308.75,1600
TREND
ROW: AAPL,201010260905,306.7,307,306.46,306.93,12334
ROW: AAPL,201010260910,306.87,307.17,306.87,307,11310
ROW: AAPL,201010260915,307,307.34,306.91,307,5600
TREND
ROW: AAPL,201010260945,305.86,306.58,305.7,306.48,388528
ROW: AAPL,201010260950,306.48,306.66,305.88,306.26,333849
ROW: AAPL,201010260955,306.26,306.69,306.26,306.41,151687
ROW: AAPL,201010261000,306.35,308.05,306.35,307.43,588816
ROW: AAPL,201010261005,307.4,308.34,307.4,308.3,424516
TREND
ROW: AAPL,201010261015,307.65,308.2,307.62,308.01,248141
ROW: AAPL,201010261020,308.02,308.7,307.93,308.7,314191
ROW: AAPL,201010261025,308.7,309.19,308.26,308.58,297122
ROW: AAPL,201010261030,308.58,309.25,308.51,309.15,271763
ROW: AAPL,201010261035,309.15,309.3,308.8,308.94,292886
TREND
ROW: AAPL,201010261045,308.72,308.8,308.5,308.55,113945
ROW: AAPL,201010261050,308.55,308.93,308.51,308.72,115975
ROW: AAPL,201010261055,308.7,309.15,308.66,309.02,180796
ROW: AAPL,201010261100,309.03,309.51,308.77,308.94,310474
TREND
ROW: AAPL,201010261110,308.68,308.78,308.27,308.64,137581
ROW: AAPL,201010261115,308.68,308.99,308.6,308.93,90859
ROW: AAPL,201010261120,308.93,309.74,308.92,309.64,185622
TREND
ROW: AAPL,201010261140,309.37,309.42,309,309.21,107881
ROW: AAPL,201010261145,309.21,309.5,309.14,309.39,107289
ROW: AAPL,201010261150,309.38,309.64,309.31,309.39,127850
TREND
ROW: AAPL,201010261210,309.03,309.51,309.02,309.48,80568
ROW: AAPL,201010261215,309.5,309.59,309.27,309.33,106331
TREND
ROW: AAPL,201010261245,308.8,308.99,308.7,308.94,69558
ROW: AAPL,201010261250,308.98,309.1,308.81,308.9,35067
ROW: AAPL,201010261255,308.9,309.2,308.9,309.03,77017
TREND
ROW: AAPL,201010261300,309.04,309.11,308.8,308.96,67307
ROW: AAPL,201010261305,308.95,309.15,308.82,309.12,98949
ROW: AAPL,201010261310,309.15,309.29,308.97,309.13,117025
TREND
ROW: AAPL,201010261335,308.3,308.32,308.21,308.27,49635
ROW: AAPL,201010261340,308.24,308.54,308.24,308.46,65737
TREND
ROW: AAPL,201010261405,307.6,307.89,307.44,307.56,154799
ROW: AAPL,201010261410,307.58,307.95,307.46,307.9,82627
ROW: AAPL,201010261415,307.9,308.14,307.74,308.13,68375
ROW: AAPL,201010261420,308.11,308.17,307.85,307.92,52786
TREND
ROW: AAPL,201010261430,308.18,308.18,307.86,308.02,82453
ROW: AAPL,201010261435,308.01,308.39,307.99,308.29,121053
ROW: AAPL,201010261440,308.34,308.49,308.2,308.27,62295
TREND
ROW: AAPL,201010261505,307.91,307.96,307.53,307.81,143240
ROW: AAPL,201010261510,307.83,308,307.76,307.89,176101
ROW: AAPL,201010261515,307.89,308.29,307.81,308.29,107208
ROW: AAPL,201010261520,308.29,308.44,308.09,308.18,128398
TREND
ROW: AAPL,201010261550,307.85,307.95,307.74,307.76,137192
ROW: AAPL,201010261555,307.78,308.06,307.76,308.06,300795
TREND
ROW: AAPL,201010261610,307.84,307.9,307.71,307.9,6190
ROW: AAPL,201010261615,307.89,309.16,307.87,307.87,824
TREND
ROW: AAPL,201010261655,307.39,307.6,307.2,307.4,15550
ROW: AAPL,201010270900,308.25,308.31,308.05,308.25,23180
TREND
ROW: AAPL,201010270945,307.37,308.42,307,308.42,358905
ROW: AAPL,201010270950,308.43,308.64,308.05,308.22,446238
TREND
ROW: AAPL,201010271005,307.82,307.88,307.43,307.84,221741
ROW: AAPL,201010271010,307.85,308.26,307.55,307.89,190392
TREND
ROW: AAPL,201010271025,306.64,306.87,306.22,306.6,362131
ROW: AAPL,201010271030,306.65,307.28,306.31,307.13,255121
ROW: AAPL,201010271035,307.13,307.38,306.67,306.82,189978
TREND
ROW: AAPL,201010271105,306.29,306.36,305.65,306.17,313551
ROW: AAPL,201010271110,306.16,306.38,305.75,306.2,169059
TREND
ROW: AAPL,201010271115,306.15,306.3,305.9,306.16,123293
ROW: AAPL,201010271120,306.15,306.32,305.92,306.02,117274
TREND
ROW: AAPL,201010271125,306.04,306.1,305.6,306,175758
ROW: AAPL,201010271130,305.93,306.32,305.91,306.22,168992
ROW: AAPL,201010271135,306.19,306.73,306.14,306.71,177856
ROW: AAPL,201010271140,306.71,306.96,306.56,306.77,153528
TREND
ROW: AAPL,201010271145,306.79,306.82,306.62,306.79,78981
ROW: AAPL,201010271150,306.79,307,306.75,306.89,106668
TREND
ROW: AAPL,201010271220,306.53,306.61,306.35,306.42,69165
ROW: AAPL,201010271225,306.43,306.74,306.42,306.6,67776
TREND
ROW: AAPL,201010271255,306.25,306.38,306.15,306.23,41382
ROW: AAPL,201010271300,306.25,306.94,306.25,306.76,130575
ROW: AAPL,201010271305,306.79,307.06,306.65,306.65,85938
TREND
ROW: AAPL,201010271315,306,306.16,305.76,306.15,139880
ROW: AAPL,201010271320,306.14,306.5,306.01,306.38,54475
ROW: AAPL,201010271325,306.44,306.82,306.1,306.79,113533
TREND
ROW: AAPL,201010271330,306.73,306.78,306.43,306.56,54182
ROW: AAPL,201010271335,306.52,306.88,306.5,306.8,46080
TREND
ROW: AAPL,201010271355,306.74,307.12,306.72,307.12,70401
ROW: AAPL,201010271400,307.11,307.19,306.96,307.17,113576
TREND
ROW: AAPL,201010271420,306.76,306.83,306.55,306.83,59625
ROW: AAPL,201010271425,306.82,306.85,306.62,306.67,38869
TREND
ROW: AAPL,201010271435,306.7,307.26,306.45,307.26,190167
ROW: AAPL,201010271440,307.2,307.65,307.14,307.34,234471
TREND
ROW: AAPL,201010271520,306.53,306.74,306.2,306.7,167522
ROW: AAPL,201010271525,306.74,306.94,306.68,306.8,123592
ROW: AAPL,201010271530,306.8,307.29,306.8,307.25,144500
ROW: AAPL,201010271535,307.27,307.51,307.14,307.48,209946
ROW: AAPL,201010271540,307.47,307.62,307.15,307.34,148193
TREND
ROW: AAPL,201010271545,307.43,307.56,307.22,307.31,134931
ROW: AAPL,201010271550,307.31,307.72,307.29,307.71,326955
ROW: AAPL,201010271555,307.72,307.99,307.5,307.71,477587
TREND
ROW: AAPL,201010271610,306.89,307.32,306.89,307.01,71271
ROW: AAPL,201010271615,307.19,307.38,307.07,307.38,11490
ROW: AAPL,201010271620,307.4,307.49,307.31,307.42,6363
TREND
ROW: AAPL,201010271650,305.01,305.75,303.8,304.52,242617
ROW: AAPL,201010271655,304.7,306.42,304,306.36,173022
ROW: AAPL,201010280900,307.78,307.83,307.47,307.7,12666
ROW: AAPL,201010280905,307.81,307.95,307.71,307.83,6120
TREND
ROW: AAPL,201010280915,307.6,307.8,307.6,307.73,3920
ROW: AAPL,201010280920,307.83,307.94,307.81,307.89,2000
ROW: AAPL,201010280925,307.9,308.49,307.9,307.98,24919
TREND
ROW: AAPL,201010280955,305.95,306.01,305.43,305.84,431121
ROW: AAPL,201010281000,305.89,306.3899,305.7,306.1999,352651
ROW: AAPL,201010281005,306.23,306.82,305.89,306.5472,316720
TREND
ROW: AAPL,201010281045,303.88,304.22,303.55,304.155,247758
ROW: AAPL,201010281050,304.19,304.4193,304,304.05,207664
TREND
ROW: AAPL,201010281055,304.05,304.09,303.57,303.83,169599
ROW: AAPL,201010281100,303.791,304.25,303.63,303.98,176014
ROW: AAPL,201010281105,304.0399,304.59,303.98,304.57,163924
ROW: AAPL,201010281110,304.569,304.82,304.48,304.481,252975
TREND
ROW: AAPL,201010281115,304.481,304.481,304.09,304.3,109558
ROW: AAPL,201010281120,304.26,304.53,304.1,304.42,101083
ROW: AAPL,201010281125,304.47,304.67,304.36,304.5639,153796
TREND
ROW: AAPL,201010281235,302.59,302.7,302.32,302.6,171632
ROW: AAPL,201010281240,302.6,302.95,302.6,302.934,119487
TREND
ROW: AAPL,201010281300,301.39,301.87,300.9,301.65,581209
ROW: AAPL,201010281305,301.68,302.36,301.658,301.87,335382
ROW: AAPL,201010281310,301.9,303.1,301.84,303.1,291924
ROW: AAPL,201010281315,303.07,303.7,303.07,303.67,452034
TREND
ROW: AAPL,201010281325,303.208,303.5795,303.07,303.38,150680
ROW: AAPL,201010281330,303.34,304,303.33,303.5608,226668
TREND
ROW: AAPL,201010281345,303.25,303.35,303.05,303.27,119622
ROW: AAPL,201010281350,303.25,303.5,303.2,303.5,64877
TREND
ROW: AAPL,201010281355,303.5,303.58,303.18,303.5,84571
ROW: AAPL,201010281400,303.47,304.01,303.41,303.98,186144
ROW: AAPL,201010281405,303.98,304.53,303.979,304.391,296331
ROW: AAPL,201010281410,304.39,304.57,304.14,304.144,140895
TREND
ROW: AAPL,201010281420,304.2991,304.54,304.03,304.54,129400
ROW: AAPL,201010281425,304.54,304.88,304.35,304.6101,197887
ROW: AAPL,201010281430,304.635,305.41,304.43,305.1699,321448
TREND
ROW: AAPL,201010281440,304.7201,305.06,304.44,305.0199,158726
ROW: AAPL,201010281445,305,305.35,304.58,304.95,216967
TREND
ROW: AAPL,201010281500,304.82,305.2,304.8,305.2,167035
ROW: AAPL,201010281505,305.18,305.5,305.1501,305.3608,264307
TREND
ROW: AAPL,201010281520,305.08,305.08,304.45,304.68,258475
ROW: AAPL,201010281525,304.66,305.3,304.63,305.23,174925
ROW: AAPL,201010281530,305.28,305.8,304.88,305.71,346188
ROW: AAPL,201010281535,305.7,306.25,305.56,306.2399,435953
ROW: AAPL,201010281540,306.225,306.44,305.94,306.165,353373
TREND
ROW: AAPL,201010281625,305.23,305.24,305.21,305.21,536
ROW: AAPL,201010281630,305.3,305.39,305.3,305.39,2260
TREND
ROW: AAPL,201010281645,305.4,305.4,305.3,305.37,6900
ROW: AAPL,201010281650,305.35,305.43,305.35,305.43,3130
ROW: AAPL,201010281655,305.41,305.59,305.4,305.59,4465
TREND
ROW: AAPL,201010290910,305.23,305.23,305.15,305.15,2563
ROW: AAPL,201010290915,305.24,305.36,305.16,305.16,3943
TREND
ROW: AAPL,201010290930,304.23,305.08,304,305.059,427136
ROW: AAPL,201010290935,304.96,305.88,304.9,305.42,351000
TREND
ROW: AAPL,201010291000,304.41,304.91,304.27,304.829,182373
ROW: AAPL,201010291005,304.8,305.3,304.77,304.97,295815
TREND
ROW: AAPL,201010291010,304.96,305,304.6,304.73,133625
ROW: AAPL,201010291015,304.715,305.03,304.65,304.86,118554
TREND
ROW: AAPL,201010291020,304.86,304.88,304.54,304.665,99994
ROW: AAPL,201010291025,304.65,305.07,304.65,304.68,111856
TREND
ROW: AAPL,201010291045,303.04,303.34,302.64,303.26,257080
ROW: AAPL,201010291050,303.265,303.48,303.12,303.41,160444
ROW: AAPL,201010291055,303.41,303.55,303.1508,303.5,102182
ROW: AAPL,201010291100,303.43,303.62,303.36,303.51,105624
TREND
ROW: AAPL,201010291105,303.52,303.54,303.03,303.468,153991
ROW: AAPL,201010291110,303.44,303.63,303.37,303.6,97839
TREND
ROW: AAPL,201010291135,302.18,302.6,302.15,302.38,198194
ROW: AAPL,201010291140,302.39,302.7299,302.25,302.435,186499
TREND
ROW: AAPL,201010291150,302.38,302.44,302.12,302.395,109205
ROW: AAPL,201010291155,302.3938,302.64,302.341,302.56,98463
ROW: AAPL,201010291200,302.56,303,302.56,302.946,135967
ROW: AAPL,201010291205,302.95,303.134,302.8,302.82,92366
TREND
ROW: AAPL,201010291210,302.83,303.14,302.77,303,117022
ROW: AAPL,201010291215,303,303.45,302.9297,303.37,115665
ROW: AAPL,201010291220,303.4,303.74,303.37,303.62,170065
ROW: AAPL,201010291225,303.64,303.87,303.52,303.68,120860
ROW: AAPL,201010291230,303.62,304.24,303.62,304.24,207624
ROW: AAPL,201010291235,304.236,304.65,303.91,303.91,330309
TREND
ROW: AAPL,201010291245,303.85,303.92,303.6,303.76,53833
ROW: AAPL,201010291250,303.7699,303.98,303.61,303.79,74508
TREND
ROW: AAPL,201010291315,302.604,302.79,302.36,302.79,162169
ROW: AAPL,201010291320,302.7761,303.25,302.65,303.0901,144159
ROW: AAPL,201010291325,303.0908,303.27,302.91,303.1,97416
TREND
ROW: AAPL,201010291350,302.58,302.7,302.33,302.43,177086
ROW: AAPL,201010291355,302.42,303.09,302.36,302.981,145406
TREND
ROW: AAPL,201010291415,302.68,302.88,302.63,302.8099,67943
ROW: AAPL,201010291420,302.747,303.15,302.73,302.99,130890
TREND
ROW: AAPL,201010291500,302.112,302.25,302,302.11,156633
ROW: AAPL,201010291505,302.147,302.27,302.02,302.08,78803
TREND
ROW: AAPL,201010291520,301.94,302.3,301.76,302.27,226868
ROW: AAPL,201010291525,302.279,302.49,302.23,302.346,167552
ROW: AAPL,201010291530,302.37,302.68,302.33,302.51,193740
ROW: AAPL,201010291535,302.535,302.7499,302.4,302.64,205928
TREND
ROW: AAPL,201010291640,300.33,300.36,300.28,300.35,15335
ROW: AAPL,201010291645,300.35,300.4,300.3,300.3,4522
TREND
ROW: AAPL,201010291655,300.38,300.39,300.33,300.35,2117
ROW: AAPL,201011010900,301.97,302.08,300.98,302.02,4045
TREND
ROW: AAPL,201011010910,301.99,301.99,301.9,301.97,2869
ROW: AAPL,201011010915,301.96,302,301.92,301.99,4600
ROW: AAPL,201011010920,301.99,302.31,301.99,302.25,7310
ROW: AAPL,201011010925,302.24,302.77,302.2,302.62,14759
TREND
ROW: AAPL,201011010930,302.22,303.51,302.2,303.5,702145
ROW: AAPL,201011010935,303.5,304.13,303.434,304.02,552692
ROW: AAPL,201011010940,304.02,304.56,304,304.19,517888
ROW: AAPL,201011010945,304.19,305.18,304.18,305.1199,495275
ROW: AAPL,201011010950,305.07,305.43,304.89,305.18,550864
TREND
ROW: AAPL,201011011000,304.899,305.5,304.52,305.3,471966
ROW: AAPL,201011011005,305.36,305.6,304.86,305.01,406367
TREND
ROW: AAPL,201011011045,304.44,304.67,304.1,304.65,197284
ROW: AAPL,201011011050,304.64,304.7,304.21,304.36,131869
TREND
ROW: AAPL,201011011135,302.731,302.97,302.33,302.932,236447
ROW: AAPL,201011011140,302.94,303.15,302.73,303.12,192417
ROW: AAPL,201011011145,303.1,303.43,303.02,303.35,172558
ROW: AAPL,201011011150,303.42,303.5,303.27,303.434,177774
ROW: AAPL,201011011155,303.5,303.97,303.4,303.93,282627
ROW: AAPL,201011011200,303.94,304,303.64,303.78,159075
TREND
ROW: AAPL,201011011210,303.5511,303.72,303.5,303.6501,102147
ROW: AAPL,201011011215,303.6321,304.3,303.6301,304.0601,174079
ROW: AAPL,201011011220,304.14,304.37,304.1,304.202,109459
TREND
ROW: AAPL,201011011225,304.18,304.1905,303.85,304.1,87042
ROW: AAPL,201011011230,304.07,304.2,303.93,304.13,83756
TREND
ROW: AAPL,201011011250,303.71,303.72,303.5,303.69,100478
ROW: AAPL,201011011255,303.67,303.81,303.6,303.8,46794
ROW: AAPL,201011011300,303.8056,304.24,303.73,303.91,115880
TREND
ROW: AAPL,201011011305,303.91,303.91,303.5,303.8,108706
ROW: AAPL,201011011310,303.8,304.13,303.72,303.876,82043
TREND
ROW: AAPL,201011011335,303.83,303.98,303.59,303.85,58291
ROW: AAPL,201011011340,303.8699,304.08,303.72,303.87,81022
ROW: AAPL,201011011345,303.86,304.15,303.8,304.073,71999
ROW: AAPL,201011011350,304.1,304.25,303.91,304.07,73560
TREND
ROW: AAPL,201011011405,303.79,303.8,303.5,303.74,98655
ROW: AAPL,201011011410,303.72,303.87,303.55,303.78,113679
ROW: AAPL,201011011415,303.72,303.9,303.63,303.86,72354
ROW: AAPL,201011011420,303.82,304.27,303.77,304.03,136169
TREND
ROW: AAPL,201011011440,303.604,303.67,303.2,303.523,206647
ROW: AAPL,201011011445,303.53,303.76,303.35,303.4599,90145
TREND
ROW: AAPL,201011011515,302.84,303.15,302.5,302.9001,185689
ROW: AAPL,201011011520,302.91,303.36,302.63,303.2501,172564
ROW: AAPL,201011011525,303.25,303.73,303.18,303.4,181855
ROW: AAPL,201011011530,303.43,303.74,303.4,303.55,82017
TREND
ROW: AAPL,201011011540,303.51,303.7,303.275,303.294,86047
ROW: AAPL,201011011545,303.33,303.82,303.31,303.68,195922
ROW: AAPL,201011011550,303.69,303.85,303.56,303.77,217470
ROW: AAPL,201011011555,303.78,304.2,303.76,304.18,358403
TREND
ROW: AAPL,201011011605,303.97,304.06,303.75,303.75,27100
ROW: AAPL,201011011610,304.08,304.25,304.05,304.25,8793
TREND
ROW: AAPL,201011011635,304.05,304.05,304.05,304.05,400
ROW: AAPL,201011011640,304.09,304.09,304.09,304.09,100
TREND
ROW: AAPL,201011011655,304.1,304.14,304.1,304.14,700
ROW: AAPL,201011020900,306.02,306.14,306,306.14,8152
ROW: AAPL,201011020905,306.1,306.15,306.05,306.13,5470
TREND
ROW: AAPL,201011020915,306.06,306.49,306.05,306.4,32940
ROW: AAPL,201011020920,306.4,307.4,306.4,307.4,42803
TREND
ROW: AAPL,201011020935,307.11,307.15,306.95,307.09,8955
ROW: AAPL,201011020940,307.07,307.29,306.96,307.21,36217
ROW: AAPL,201011020945,307.22,309.22,307,308.72,1246029
ROW: AAPL,201011020950,308.69,309.65,308.1,308.82,782156
TREND
ROW: AAPL,201011021030,308.3,308.5,308.1,308.42,182427
ROW: AAPL,201011021035,308.4,308.7,308.36,308.58,148751
TREND
ROW: AAPL,201011021050,307.88,308.11,307.1,308.04,232825
ROW: AAPL,201011021055,308.04,308.47,307.96,308.36,224284
ROW: AAPL,201011021100,308.4,308.54,308.26,308.39,105825
TREND
ROW: AAPL,201011021110,308.35,308.53,308.19,308.45,74162
ROW: AAPL,201011021115,308.49,308.63,308.43,308.53,131043
TREND
ROW: AAPL,201011021145,307.89,308.28,307.1,308.23,84680
ROW: AAPL,201011021150,308.2,308.43,308.1,308.23,66910
TREND
ROW: AAPL,201011021200,308.17,308.25,308.02,308.24,51005
ROW: AAPL,201011021205,308.24,308.34,308.19,308.28,64232
ROW: AAPL,201011021210,308.3,308.4,308.22,308.4,63398
ROW: AAPL,201011021215,308.38,308.71,308.27,308.66,129526
TREND
ROW: AAPL,201011021225,308.49,308.6,308.25,308.32,60968
ROW: AAPL,201011021230,308.3,308.68,308.29,308.64,76645
ROW: AAPL,201011021235,308.65,308.7,308.41,308.49,62694
TREND
ROW: AAPL,201011021240,308.46,308.55,308.33,308.41,64912
ROW: AAPL,201011021245,308.44,308.65,308.36,308.45,63847
ROW: AAPL,201011021250,308.46,308.68,308.4,308.68,74622
ROW: AAPL,201011021255,308.68,308.99,308.66,308.85,149093
TREND
ROW: AAPL,201011021310,309.13,309.23,309.01,309.16,112112
ROW: AAPL,201011021315,309.16,309.65,309.13,309.59,316405
ROW: AAPL,201011021320,309.59,309.75,309.5,309.59,170762
TREND
ROW: AAPL,201011021325,309.62,309.63,309.44,309.59,112251
ROW: AAPL,201011021330,309.56,309.85,309.55,309.7,131282
ROW: AAPL,201011021335,309.69,309.95,309.64,309.93,209536
ROW: AAPL,201011021340,309.94,309.98,309.76,309.91,211197
TREND
ROW: AAPL,201011021435,308.94,309.3,308.1,309.2,148451
ROW: AAPL,201011021440,309.2,309.43,309.16,309.17,91594
TREND
ROW: AAPL,201011021510,309.2,309.2,308.92,308.95,78593
ROW: AAPL,201011021515,308.96,310,308.95,309.78,290360
TREND
ROW: AAPL,201011021520,309.76,309.9,309.4,309.64,215449
ROW: AAPL,201011021525,309.63,309.95,309.54,309.77,120767
TREND
ROW: AAPL,201011021600,308.99,309.45,308.1,309.37,238678
ROW: AAPL,201011021605,309.36,309.69,309.36,309.66,331036
TREND
ROW: AAPL,201011021625,309.4,309.4,309.3,309.38,6749
ROW: AAPL,201011021630,309.35,309.97,309.32,309.95,23078
ROW: AAPL,201011021635,309.99,310.15,309.86,309.86,7446
TREND
ROW: AAPL,201011021655,309.75,309.98,309.75,309.84,7745
ROW: AAPL,201011030900,310.65,310.9,310.61,310.9,19095
ROW: AAPL,201011030905,311.06,311.4,310.88,311.32,26759
ROW: AAPL,201011030910,311.32,312,311.3,311.85,39457
TREND
ROW: AAPL,201011030935,311.39,311.39,311.24,311.3,8770
ROW: AAPL,201011030940,311.29,311.62,311.29,311.4,9635
TREND
ROW: AAPL,201011030945,311.39,311.7,310.09,311.66,1017513
ROW: AAPL,201011030950,311.69,312,311.1,311.52,596959
TREND
ROW: AAPL,201011031020,311.17,311.25,310.97,311.19,120278
ROW: AAPL,201011031025,311.19,312,311.19,311.41,339775
TREND
ROW: AAPL,201011031100,309.97,310.23,309.1,310.04,209862
ROW: AAPL,201011031105,310.04,310.55,310.02,310.4,124904
TREND
ROW: AAPL,201011031115,310.05,310.42,309.92,310.28,112089
ROW: AAPL,201011031120,310.28,310.46,310.04,310.09,76537
TREND
ROW: AAPL,201011031130,309.64,309.75,309.28,309.52,197412
ROW: AAPL,201011031135,309.51,309.86,309.38,309.64,158233
TREND
ROW: AAPL,201011031145,309.24,309.49,309.03,309.25,139956
ROW: AAPL,201011031150,309.28,309.7,309.2,309.69,118916
ROW: AAPL,201011031155,309.69,309.87,309.57,309.65,86478
TREND
ROW: AAPL,201011031220,309.12,309.51,309.1,309.46,57478
ROW: AAPL,201011031225,309.5,309.66,309.32,309.55,62291
ROW: AAPL,201011031230,309.59,309.78,309.51,309.73,45314
ROW: AAPL,201011031235,309.78,309.94,309.53,309.6,79098
TREND
ROW: AAPL,201011031305,309.91,310.27,309.1,310.27,74384
ROW: AAPL,201011031310,310.28,310.49,310.27,310.33,120268
ROW: AAPL,201011031315,310.36,310.71,310.36,310.55,192403
TREND
ROW: AAPL,201011031355,309.83,310,309.1,309.95,57091
ROW: AAPL,201011031400,309.96,310.24,309.87,310.23,53052
ROW: AAPL,201011031405,310.22,310.35,310.09,310.35,75773
TREND
ROW: AAPL,201011031415,310.1,310.35,310,310.31,88441
ROW: AAPL,201011031420,310.34,310.55,310.11,310.54,158263
TREND
ROW: AAPL,201011031430,309.87,311.42,309.1,311.16,697532
ROW: AAPL,201011031435,311.23,312.15,309.54,310.26,807015
TREND
ROW: AAPL,201011031445,309.33,310.38,308.53,309.85,509157
ROW: AAPL,201011031450,309.85,311.2,308.87,311.14,418327
ROW: AAPL,201011031455,311.05,311.85,310.48,311.85,414046
ROW: AAPL,201011031500,311.85,312.12,311.1,311.67,317936
TREND
ROW: AAPL,201011031505,311.66,312.29,311.1,311.98,365917
ROW: AAPL,201011031510,311.98,312.45,311.68,312,358723
ROW: AAPL,201011031515,312,312.55,311.95,312.39,402752
ROW: AAPL,201011031520,312.37,312.57,312.1,312.4,319825
ROW: AAPL,201011031525,312.4,312.62,312.2,312.39,313391
ROW: AAPL,201011031530,312.37,312.88,312.36,312.76,336678
TREND
ROW: AAPL,201011031550,311.75,312.3,311.71,312.08,276453
ROW: AAPL,201011031555,312.13,312.36,311.82,312.22,264732
ROW: AAPL,201011031600,312.22,312.54,312.08,312.54,372268
ROW: AAPL,201011031605,312.55,312.75,312.26,312.56,380681
ROW: AAPL,201011031610,312.57,312.79,312.5,312.63,592071
ROW: AAPL,201011031615,312.64,313,312.62,312.81,240284
TREND
ROW: AAPL,201011031620,312.89,312.94,312.8,312.94,5984
ROW: AAPL,201011031625,312.93,313.15,312.92,313.08,20260
TREND
ROW: AAPL,201011031630,313.06,313.25,312.86,313.25,14940
ROW: AAPL,201011031635,313.27,313.39,313.27,313.39,16715
TREND
ROW: AAPL,201011031650,313.24,313.24,313.1,313.2,8575
ROW: AAPL,201011031655,313.2,313.27,313.16,313.2,3347
ROW: AAPL,201011040900,315.77,315.8,315.73,315.75,3785
TREND
ROW: AAPL,201011040905,315.77,316.09,315.7,316.09,17443
ROW: AAPL,201011040910,316.06,316.24,315.9,315.99,23834
TREND
ROW: AAPL,201011040925,315.76,315.8,315.53,315.6,5270
ROW: AAPL,201011040930,315.68,316,315.65,315.86,9059
TREND
ROW: AAPL,201011040945,315.47,316,315.03,315.98,1095450
ROW: AAPL,201011040950,315.98,316.77,315.54,316.7,809161
ROW: AAPL,201011040955,316.7,317.64,316.1,317.1,693420
TREND
ROW: AAPL,201011041020,316.48,316.62,316.21,316.5,266425
ROW: AAPL,201011041025,316.46,316.85,316.33,316.82,224661
TREND
ROW: AAPL,201011041035,316.89,317.08,316.1,317.06,306961
ROW: AAPL,201011041040,317.03,317.15,316.75,316.89,228830
ROW: AAPL,201011041045,316.89,317.33,316.8,317.3,234447
ROW: AAPL,201011041050,317.3,317.5,317.15,317.39,231605
ROW: AAPL,201011041055,317.4,317.97,317.36,317.96,550455
TREND
ROW: AAPL,201011041100,317.97,318.8,317.1,318.76,657265
ROW: AAPL,201011041105,318.78,319.46,318.35,319.16,805606
ROW: AAPL,201011041110,319.17,319.85,319.04,319.69,634592
ROW: AAPL,201011041115,319.68,320.18,319.1,320.01,911113
TREND
ROW: AAPL,201011041140,318.9,319,318.1,318.81,266284
ROW: AAPL,201011041145,318.82,319.3,318.78,319.29,245011
TREND
ROW: AAPL,201011041200,318.71,318.76,318.44,318.56,176139
ROW: AAPL,201011041205,318.58,320,318.52,318.67,172521
TREND
ROW: AAPL,201011041220,318.26,318.42,317.1,318.33,295680
ROW: AAPL,201011041225,318.31,318.43,318.12,318.38,182584
TREND
ROW: AAPL,201011041235,318.19,318.45,318,318.4,128215
ROW: AAPL,201011041240,318.41,318.49,318.18,318.2,122006
ROW: AAPL,201011041245,318.2,318.75,318.2,318.67,136853
ROW: AAPL,201011041250,318.65,318.8,318.51,318.69,122322
TREND
ROW: AAPL,201011041305,318.13,318.45,318.08,318.28,97916
ROW: AAPL,201011041310,318.29,318.56,318.28,318.55,82901
ROW: AAPL,201011041315,318.55,318.67,318.39,318.65,122842
ROW: AAPL,201011041320,318.65,318.96,318.65,318.82,180121
TREND
ROW: AAPL,201011041335,318.61,318.88,318.57,318.88,81575
ROW: AAPL,201011041340,318.85,318.9,318.77,318.82,80851
TREND
ROW: AAPL,201011041350,318.56,318.64,318.38,318.49,103413
ROW: AAPL,201011041355,318.46,318.81,318.43,318.74,81029
TREND
ROW: AAPL,201011041420,317.96,318.18,317.1,318.03,175517
ROW: AAPL,201011041425,318.03,318.5,318,318.37,159257
ROW: AAPL,201011041430,318.41,318.55,318.32,318.4,122564
TREND
ROW: AAPL,201011041440,318.37,318.4,318.06,318.34,106510
ROW: AAPL,201011041445,318.36,318.48,318.26,318.48,91602
ROW: AAPL,201011041450,318.45,318.75,318.45,318.71,127340
ROW: AAPL,201011041455,318.71,318.8,318.46,318.5,200695
TREND
ROW: AAPL,201011041505,318.2,318.36,318.14,318.32,65756
ROW: AAPL,201011041510,318.32,318.5,318.22,318.22,79454
TREND
ROW: AAPL,201011041535,317.4,317.67,317,317.54,339454
ROW: AAPL,201011041540,317.51,318.12,317.1,317.99,304209
TREND
ROW: AAPL,201011041605,316.99,317.75,316.89,317.75,354430
ROW: AAPL,201011041610,317.75,318,317.57,317.74,579729
TREND
ROW: AAPL,201011041620,317.78,317.78,317.55,317.67,10012
ROW: AAPL,201011041625,317.6,318.27,317.58,317.85,14468
TREND
ROW: AAPL,201011041655,316.78,316.88,316.67,316.84,7801
ROW: AAPL,201011050900,318.59,318.64,317.92,318.01,16563
TREND
ROW: AAPL,201011050915,317.77,317.99,317.77,317.99,6213
ROW: AAPL,201011050920,318,318.09,317.95,317.95,2900
TREND
ROW: AAPL,201011050930,317.9,317.91,317.6,317.85,2670
ROW: AAPL,201011050935,317.62,317.96,317.62,317.84,2050
ROW: AAPL,201011050940,317.71,318.17,317.71,318.03,7346
TREND
ROW: AAPL,201011050945,317.89,318.86,317.1,318.73,703633
ROW: AAPL,201011050950,318.76,319.57,318.1,318.75,734970
TREND
ROW: AAPL,201011051005,317.82,318.45,317.1,318.44,318318
ROW: AAPL,201011051010,318.44,318.97,318.1,318.18,326726
TREND
ROW: AAPL,201011051020,317.92,318.45,317.83,318.24,191067
ROW: AAPL,201011051025,318.21,318.68,317.98,318.45,294201
TREND
ROW: AAPL,201011051045,318.06,318.24,317.96,318.07,121560
ROW: AAPL,201011051050,318.05,318.45,318.05,318.26,174360
ROW: AAPL,201011051055,318.26,318.54,318.1,318.54,144117
TREND
ROW: AAPL,201011051120,318.02,318.1,317.1,318,195956
ROW: AAPL,201011051125,318.02,318.15,317.8,317.98,94374
TREND
ROW: AAPL,201011051140,318.03,318.08,317.96,318.02,11491
ROW: AAPL,201011051145,317.99,318.37,317.97,318.18,108857
TREND
ROW: AAPL,201011051215,317.5,317.76,317.4,317.72,124869
ROW: AAPL,201011051220,317.72,317.93,317.65,317.93,86310
TREND
ROW: AAPL,201011051235,317.84,317.9,317.59,317.74,62212
ROW: AAPL,201011051240,317.74,317.92,317.7,317.76,61959
TREND
ROW: AAPL,201011051250,317.97,318.15,317.85,318.15,64647
ROW: AAPL,201011051255,318.11,318.22,317.95,317.96,65384
TREND
ROW: AAPL,201011051305,318.1,318.15,317.85,318.07,48947
ROW: AAPL,201011051310,318.07,318.18,318.01,318.13,26111
ROW: AAPL,201011051315,318.12,318.25,318.09,318.25,80455
ROW: AAPL,201011051320,318.23,318.36,318.14,318.32,72297
ROW: AAPL,201011051325,318.3,318.5,318.28,318.4,129145
ROW: AAPL,201011051330,318.4,318.6,318.37,318.53,80894
TREND
ROW: AAPL,201011051350,318.4,318.44,318.3,318.35,47739
ROW: AAPL,201011051355,318.33,318.48,318.32,318.45,25178
TREND
ROW: AAPL,201011051440,317.49,317.59,317.21,317.49,94535
ROW: AAPL,201011051445,317.48,317.79,317.4,317.69,115289
ROW: AAPL,201011051450,317.72,317.99,317.71,317.83,94048
TREND
ROW: AAPL,201011051455,317.84,318.06,317.1,317.95,90618
ROW: AAPL,201011051500,317.98,318.17,317.89,317.93,73964
TREND
ROW: AAPL,201011051535,317.78,317.82,317.53,317.63,101401
ROW: AAPL,201011051540,317.63,317.89,317.54,317.79,202055
TREND
ROW: AAPL,201011051600,317.01,317.64,316.95,317.62,302556
ROW: AAPL,201011051605,317.59,317.88,317.59,317.7,259912
TREND
ROW: AAPL,201011051615,317,317.13,316.57,316.8,467809
ROW: AAPL,201011051620,316.8,317.31,316.78,317.2,19853
ROW: AAPL,201011051625,317.2,317.45,317.05,317.24,64971
TREND
ROW: AAPL,201011051630,317.22,317.24,317.05,317.24,2738
ROW: AAPL,201011051635,317.18,317.31,317.18,317.2,5267
TREND
ROW: AAPL,201011051655,317.25,317.3,317.23,317.3,1100
ROW: AAPL,201011080900,317.8,317.84,317.64,317.64,500
TREND
ROW: AAPL,201011080905,317.67,317.67,317.46,317.65,3925
ROW: AAPL,201011080910,317.76,317.83,317.65,317.83,2171
TREND
ROW: AAPL,201011080920,317.64,317.92,317.64,317.92,7296
ROW: AAPL,201011080925,317.83,317.95,317.8,317.93,4950
TREND
ROW: AAPL,201011080945,317.52,317.72,316.76,317.56,406109
ROW: AAPL,201011080950,317.56,318.54,317.1,318.4,472806
ROW: AAPL,201011080955,318.4,319.24,318.07,318.51,601939
TREND
ROW: AAPL,201011081015,318.02,318.63,317.1,318.41,256769
ROW: AAPL,201011081020,318.4,319.06,318.1,318.57,285451
TREND
ROW: AAPL,201011081030,318.9,319.43,318.1,319.23,362035
ROW: AAPL,201011081035,319.23,319.45,319.07,319.14,127861
ROW: AAPL,201011081040,319.37,319.5,319.11,319.18,164183
TREND
ROW: AAPL,201011081055,319.1,319.25,318.93,319.16,95018
ROW: AAPL,201011081100,319.12,319.62,319.12,319.56,177816
TREND
ROW: AAPL,201011081155,318.91,318.94,318.75,318.88,31806
ROW: AAPL,201011081200,318.84,318.95,318.78,318.91,27259
TREND
ROW: AAPL,201011081210,318.89,318.92,318.78,318.92,16501
ROW: AAPL,201011081215,318.92,318.97,318.8,318.85,31024
TREND
ROW: AAPL,201011081220,318.85,318.9,318.7,318.74,53703
ROW: AAPL,201011081225,318.77,318.95,318.76,318.89,32485
TREND
ROW: AAPL,201011081240,318.94,319.17,318.87,319.09,68097
ROW: AAPL,201011081245,319.15,319.19,319.02,319.17,51989
TREND
ROW: AAPL,201011081255,319.04,319.12,318.1,319.1,69232
ROW: AAPL,201011081300,319.07,319.13,319,319.02,27254
TREND
ROW: AAPL,201011081355,318.91,318.91,318.7,318.75,84375
ROW: AAPL,201011081400,318.77,318.93,318.74,318.87,34674
TREND
ROW: AAPL,201011081410,318.83,318.94,318.7,318.85,29175
ROW: AAPL,201011081415,318.83,318.98,318.82,318.93,49213
TREND
ROW: AAPL,201011081450,318.67,318.78,318.65,318.77,12925
ROW: AAPL,201011081455,318.83,318.9,318.77,318.87,30524
TREND
ROW: AAPL,201011081510,318.82,318.82,318.55,318.63,95513
ROW: AAPL,201011081515,318.65,318.85,318.6,318.76,54358
TREND
ROW: AAPL,201011081540,318.98,319.09,318.1,318.99,73366
ROW: AAPL,201011081545,318.97,319.45,318.96,319.24,216122
TREND
ROW: AAPL,201011081615,318.64,318.85,318.35,318.75,582549
ROW: AAPL,201011081620,318.76,319.02,318.74,318.81,14487
TREND
ROW: AAPL,201011081635,318.7,318.7,318.41,318.5,4841
ROW: AAPL,201011081640,318.51,318.81,318.51,318.7,5244
